Calculating Current Offset...
Current Offset: 5.91
Time,PWM,Throttle,Current,Error,PID_P,PID_D,PID_I,PID
7049,1214,1549,-0.30,3.30,329.66,-0.02,20.15,349.79
7066,1214,1572,-0.42,3.42,341.87,0.01,30.40,372.29
7081,1201,1582,-0.42,3.42,341.87,0.00,40.66,382.53
7097,1214,1580,-0.30,3.30,329.66,-0.02,50.55,380.20
7111,1215,1602,-0.42,3.42,341.87,0.02,60.80,402.69
7127,1215,1600,-0.30,3.30,329.66,-0.02,70.69,400.34
7141,1208,1610,-0.30,3.30,329.66,0.00,80.58,410.25
7156,1214,1620,-0.30,3.30,329.66,0.00,90.47,420.14
7172,1215,1630,-0.30,3.30,329.66,0.00,100.36,430.03
7186,1214,1627,-0.17,3.17,317.467216,1209,1570,0.56,2.44,244.21,-0.10,126.74,370.85
7201,1215,1636,-0.17,3.17,317.46,-0.02,109.89,427.33
,0.00,119.41,436.87
7231,1215,1603,0.31,2.69,268.63,0.03,134.80,403.46
7246,1215,1611,0.31,2.69,268.63,0.00,142.86,411.48
7261,1215,1594,0.56,2.44,244.21,-0.03,150.18,394.36
7276,1215,1551,1.05,1.95,195.39,-0.07,156.04,351.36
7290,1209,1557,1.05,1.95,195.39,0.00,161.90,357.29
7306,1214,1550,1.17,1.83,183.18,-0.02,167.40,350.56
7321,1215,1568,1.05,1.95,195.39,0.02,173.26,368.66
7335,1214,1549,1.29,1.71,170.97,-0.03,178.39,349.33
7351,1215,1567,1.17,1.83,183.18,0.02,183.89,367.08
7365,1209,1534,1.53,1.47,146.56,-0.05,188.28,334.79
7380,1214,1526,1.66,1.34,134.35,-0.02,192.31,326.65
7396,1215,1480,2.14,0.86,85.52,-0.06,194.88,280.34
7410,1215,1445,2.51,0.49,48.90,-0.05,196.35,245.20
7426,1214,1446,2.51,0.49,48.90,0.00,197.81,246.71
7440,1208,1548,1.53,1.47,146.56,0.14,202.21,348.91
7455,1215,1490,2.14,0.86,85.52,-0.08,204.78,290.22
7471,1215,1417,2.88,0.12,12.28,-0.09,205.14,217.33
7485,1215,1405,3.00,0.00,0.07,-0.02,205.15,205.20
7500,1215,1468,2.39,0.61,61.11,0.08,206.98,268.17
7515,1209,1381,3.24,-0.24,-24.34,-0.11,206.25,181.79
7530,1215,1456,2.51,0.49,48.90,0.10,207.72,256.72
7544,1215,1332,3.73,-0.73,-73.17,-0.17,205.52,132.18
7560,1215,1430,2.76,0.24,24.49,0.12,206.26,230.87
7575,1215,1078,6.17,-3.17,-317.31,-0.46,196.74,-121.03
7589,1215,1749,-0.42,3.42,341.87,0.94,206.99,549.80
7605,1215,1494,2.14,0.86,85.52,-0.32,209.56,294.76
7619,1209,1560,1.53,1.47,146.56,0.09,213.96,360.60
7634,1215,1426,2.88,0.12,12.28,-0.18,214.32,226.42
7650,1215,1351,3.61,-0.61,-60.96,-0.09,212.49,151.44
7664,1215,1324,3.85,-0.85,-85.38,-0.03,209.93,124.52
7680,1215,1296,4.10,-1.10,-109.79,-0.03,206.64,96.82
7694,1208,1444,2.63,0.37,36.69,0.21,207.74,244.64
7709,1215,1130,5.68,-2.68,-268.48,-0.41,199.69,-69.20
7725,1214,1135,5.56,-2.56,-256.27,0.02,192.00,-64.26
7739,1215,1178,5.07,-2.07,-207.45,0.07,185.77,-21.60
7754,1214,1310,3.73,-0.73,-73.17,0.18,183.58,110.59
7769,1209,1371,3.12,-0.12,-12.13,0.08,183.22,171.16
7784,1201,1383,3.00,0.00,0.07,0.02,183.22,183.31
7799,1214,1370,3.12,-0.12,-12.13,-0.02,182.85,170.70
7814,1214,1458,2.27,0.73,73.32,0.11,185.05,258.48
7829,1214,1196,4.83,-1.83,-183.03,-0.34,179.56,-3.81
7843,1195,1216,4.59,-1.59,-158.62,0.03,174.80,16.22
7859,1215,1261,4.10,-1.10,-109.79,0.06,171.51,61.78
7874,1215,1535,1.41,1.59,158.76,0.36,176.27,335.40
7888,1215,1000,7.03,-4.03,-402.76,-0.80,164.19,-239.37
7904,1201,1704,-0.30,3.30,329.66,0.92,174.08,504.66
7918,1209,1726,-0.42,3.42,341.87,0.02,184.34,526.22
7933,1215,1535,1.53,1.47,146.56,-0.26,188.73,335.03
7949,1214,1413,2.76,0.24,24.49,-0.15,189.47,213.80
7963,1201,1477,2.14,0.86,85.52,0.09,192.03,277.64
7979,1215,1392,3.00,0.00,0.07,-0.11,192.04,192.00
7993,1208,1266,4.22,-1.22,-122.00,-0.17,188.38,66.20
8008,1214,1728,-0.30,3.30,329.66,0.60,198.27,528.53
8024,1215,1901,-1.88,4.88,488.35,0.20,212.92,701.47
8038,1215,1311,3.98,-0.98,-97.58,-0.84,209.99,111.57
8053,1214,1586,1.29,1.71,170.97,0.36,215.12,386.45
8068,1214,1062,6.42,-3.42,-341.72,-0.68,204.87,-137.54
8083,1187,1443,2.63,0.37,36.69,0.50,205.97,243.17
8097,1209,1758,-0.42,3.42,341.87,0.44,216.22,558.53
8113,1215,1566,1.53,1.47,146.56,-0.24,220.62,366.93
8128,1215,1496,2.27,0.73,73.32,-0.10,222.82,296.04
8142,1201,1510,2.14,0.86,85.52,0.02,225.38,310.92
8158,1214,1400,3.24,-0.24,-24.34,-0.14,224.65,200.18
8172,1208,1349,3.73,-0.73,-73.17,-0.07,222.46,149.22
8187,1215,1863,-1.27,4.27,427.32,0.67,235.28,663.27
8203,1200,1762,-0.17,3.17,317.46,-0.14,244.80,562.12
8217,1215,1368,3.73,-0.73,-73.17,-0.56,242.61,168.88
8232,1215,1442,3.00,0.00,0.07,0.10,242.61,242.78
8247,1209,1102,6.30,-3.30,-329.52,-0.44,232.72,-97.23
8262,1200,1181,5.44,-2.44,-244.07,0.11,225.40,-18.55
8278,1215,1778,-0.42,3.42,341.87,0.73,235.66,578.26
8292,1215,1561,1.78,1.22,122.14,-0.31,239.32,361.15
8307,1214,1527,2.14,0.86,85.52,-0.05,241.89,327.36
8322,1195,1529,2.14,0.86,85.52,0.00,244.45,329.98
8337,1214,1469,2.76,0.24,24.49,-0.08,245.19,269.59
8352,1215,1331,4.10,-1.10,-109.79,-0.18,241.89,131.93
8367,1215,1870,-1.15,4.15,415.11,0.70,254.35,670.16
8382,1201,1932,-1.64,4.64,463.94,0.07,268.27,732.27
8396,1209,1429,3.37,-0.37,-36.55,-0.71,267.17,229.91
8412,1215,1341,4.22,-1.22,-122.00,-0.11,263.51,141.41
8427,1215,1224,5.32,-2.32,-231.86,-0.15,256.55,24.55
8441,1215,1368,3.85,-0.85,-85.38,0.21,253.99,168.83
8457,1214,1617,1.41,1.59,158.76,0.31,258.76,417.83
8471,1209,1080,6.66,-3.66,-366.14,-0.75,247.77,-119.12
8486,1214,1788,-0.30,3.30,329.66,0.93,257.66,588.25
8502,1214,1809,-0.42,3.42,341.87,0.02,267.92,609.80
8516,1214,1643,1.29,1.71,170.97,-0.24,273.05,443.77
8531,1215,1561,2.14,0.86,85.52,-0.11,275.61,361.02
8546,1214,1488,2.88,0.12,12.28,-0.10,275.98,288.16
8561,1214,1450,3.24,-0.24,-24.34,-0.05,275.25,250.86
8576,1209,1324,4.46,-1.46,-146.41,-0.16,270.86,124.28
8591,1215,1886,-1.03,4.03,402.91,0.73,282.95,686.58
8606,1215,1255,5.20,-2.20,-219.65,-0.83,276.36,55.87
8621,1215,1413,3.61,-0.61,-60.96,0.21,274.53,213.78
8636,1214,1248,5.20,-2.20,-219.65,-0.21,267.94,48.07
8650,1208,1229,5.32,-2.32,-231.86,-0.02,260.98,29.10
8666,1215,1511,2.51,0.49,48.90,0.35,262.45,311.70
8681,1214,1689,0.80,2.20,219.80,0.23,269.04,489.07
8695,1214,1279,4.83,-1.83,-183.03,-0.58,263.55,79.94
8711,1214,1262,4.95,-1.95,-195.24,-0.02,257.69,62.44
8725,1209,1420,3.37,-0.37,-36.55,0.23,256.60,220.28
8740,1215,1607,1.53,1.47,146.56,0.24,260.99,407.80
8756,1215,1133,6.17,-3.17,-317.31,-0.58,251.48,-66.41
8770,1215,1036,7.03,-4.03,-402.76,-0.12,239.39,-163.49
8785,1214,1792,-0.42,3.42,341.87,0.99,249.65,592.51
8800,1208,1801,-0.42,3.42,341.87,0.00,259.91,601.78
8815,1215,1635,1.29,1.71,170.97,-0.23,265.03,435.78
8830,1215,1553,2.14,0.86,85.52,-0.11,267.60,353.01
8845,1214,1467,3.00,0.00,0.07,-0.11,267.60,267.56
8860,1214,1480,2.88,0.12,12.28,0.02,267.97,280.27
8875,1209,1316,4.46,-1.46,-146.41,-0.21,263.58,116.96
8890,1215,1879,-1.03,4.03,402.91,0.73,275.67,679.30
8905,1201,1500,2.76,0.24,24.49,-0.50,276.40,300.38
8920,1215,1476,3.00,0.00,0.07,-0.03,276.40,276.44
8935,1215,1249,5.20,-2.20,-219.65,-0.29,269.81,49.87
8949,1208,1268,4.95,-1.95,-195.24,0.03,263.96,68.75
8965,1214,1451,3.12,-0.12,-12.13,0.23,263.59,251.69
8980,1215,1677,0.92,2.08,207.59,0.29,269.82,477.70
8994,1214,1180,5.81,-2.81,-280.69,-0.70,261.40,-19.99
9010,1215,1272,4.83,-1.83,-183.03,0.12,255.91,73.00
9024,1212,1368,3.85,-0.85,-85.38,0.14,253.35,168.11
9039,1215,1629,1.29,1.71,170.97,0.34,258.48,429.79
9055,1209,1193,5.56,-2.56,-256.27,-0.53,250.79,-6.02
9069,1215,1000,7.52,-4.52,-451.59,-0.28,237.24,-214.63
9084,1215,1790,-0.42,3.42,341.87,1.06,247.50,590.42
9099,1215,1799,-0.42,3.42,341.87,0.00,257.75,599.62
9114,1215,1608,1.53,1.47,146.56,-0.26,262.15,408.45
9128,1209,1575,1.90,1.10,109.94,-0.05,265.45,375.33
9144,1201,1427,3.37,-0.37,-36.55,-0.18,264.35,227.62
9159,1215,1502,2.63,0.37,36.69,0.10,265.45,302.24
9174,1215,1364,3.98,-0.98,-97.58,-0.18,262.52,164.76
9189,1214,1362,3.98,-0.98,-97.58,0.00,259.60,162.01
9203,1195,1396,3.61,-0.61,-60.96,0.05,257.77,196.86
9219,1215,1936,-1.64,4.64,463.94,0.66,271.69,736.28
9234,1215,1282,4.83,-1.83,-183.03,-0.86,266.19,82.30
9248,1214,1466,3.00,0.00,0.07,0.26,266.20,266.53
9264,1200,1730,0.44,2.56,256.42,0.32,273.89,530.63
9278,1208,1221,5.44,-2.44,-244.07,-0.71,266.57,21.78
9293,1215,1315,4.46,-1.46,-146.41,0.13,262.17,115.89
9309,1214,1600,1.66,1.34,134.35,0.35,266.21,400.91
9323,1214,1768,0.07,2.93,293.04,0.23,275.00,568.27
9338,1215,1147,6.17,-3.17,-317.31,-0.81,265.48,-52.65
9353,1209,1314,4.46,-1.46,-146.41,0.23,261.08,114.90
9368,1215,1587,1.78,1.22,122.14,0.36,264.75,387.25
9383,1201,1628,1.41,1.59,158.76,0.05,269.51,428.33
9398,1214,1104,6.54,-3.54,-353.93,-0.68,258.89,-95.72
9413,1214,1824,-0.54,3.54,354.08,0.94,269.52,624.54
9427,1208,1620,1.53,1.47,146.56,-0.30,273.91,420.17
9443,1201,1650,1.29,1.71,170.97,0.03,279.04,450.04
9458,1215,1579,2.02,0.98,97.73,-0.10,281.97,379.61
9473,1214,1519,2.63,0.37,36.69,-0.08,283.08,319.69
9488,1215,1420,3.61,-0.61,-60.96,-0.13,281.25,220.15
9502,1201,1368,4.10,-1.10,-109.79,-0.07,277.95,168.09
9518,1214,1314,4.59,-1.59,-158.62,-0.06,273.19,114.51
9533,1209,1939,-1.52,4.52,451.73,0.81,286.75,739.29
9547,1215,1196,5.81,-2.81,-280.69,-1.05,278.33,-3.41
9563,1201,1352,4.22,-1.22,-122.00,0.20,274.67,152.87
9577,1214,1449,3.24,-0.24,-24.34,0.14,273.94,249.73
9592,1215,1171,5.93,-2.93,-292.90,-0.36,265.15,-28.11
9607,1208,1276,4.83,-1.83,-183.03,0.15,259.66,76.77
9622,1201,1359,3.98,-0.98,-97.58,0.11,256.73,159.26
9637,1215,1595,1.66,1.34,134.35,0.31,260.76,395.42
9652,1215,1007,7.39,-4.39,-439.38,-0.76,247.58,-192.57
9667,1215,1788,-0.30,3.30,329.66,1.03,257.47,588.16
9681,1209,1809,-0.42,3.42,341.87,0.02,267.73,609.61
9697,1215,1631,1.41,1.59,158.76,-0.23,272.49,431.02
9712,1215,1573,2.02,0.98,97.73,-0.08,275.42,373.07
9726,1215,1525,2.51,0.49,48.90,-0.07,276.89,325.72
9742,1215,1489,2.88,0.12,12.28,-0.05,277.26,289.49
9756,1209,1414,3.61,-0.61,-60.96,-0.10,275.43,214.36
9772,1215,1261,5.07,-2.07,-207.45,-0.18,269.20,61.57
9787,1215,1885,-1.03,4.03,402.91,0.81,281.29,685.01
9801,1214,1946,-1.52,4.52,451.73,0.07,294.84,746.65
9817,1214,1305,4.83,-1.83,-183.03,-0.79,289.35,105.53
9831,1208,1376,4.10,-1.10,-109.79,0.10,286.06,176.37
9846,1215,1637,1.53,1.47,146.56,0.34,290.45,437.35
9862,1215,1641,1.53,1.47,146.56,0.00,294.85,441.41
9876,1215,1242,5.44,-2.44,-244.07,-0.56,287.53,42.90
9891,1215,1349,4.34,-1.34,-134.20,0.15,283.50,149.45
9906,1209,1622,1.66,1.34,134.35,0.36,287.53,422.24
9921,1215,1600,1.90,1.10,109.94,-0.03,290.83,400.74
9936,1215,1201,5.81,-2.81,-280.69,-0.52,282.41,1.20
9951,1215,1294,4.83,-1.83,-183.03,0.13,276.92,94.02
9966,1215,1439,3.37,-0.37,-36.55,0.20,275.82,239.47
9980,1214,1778,0.07,2.93,293.04,0.47,284.61,578.13
9996,1214,1157,6.17,-3.17,-317.31,-0.76,275.10,-42.98
10010,1208,1211,5.56,-2.56,-256.27,0.09,267.41,11.22
10025,1214,1266,4.95,-1.95,-195.24,0.08,261.55,66.39
10041,1215,1612,1.53,1.47,146.56,0.43,265.95,412.93
10055,1215,1025,7.27,-4.27,-427.17,-0.82,253.13,-174.86
10071,1215,1806,-0.42,3.42,341.87,0.96,263.39,606.22
10086,1209,1639,1.29,1.71,170.97,-0.23,268.52,439.26
10100,1214,1619,1.53,1.47,146.56,-0.03,272.91,419.44
10116,1215,1586,1.90,1.10,109.94,-0.05,276.21,386.10
10130,1215,1488,2.88,0.12,12.28,-0.14,276.58,288.72
10145,1215,1438,3.37,-0.37,-36.55,-0.07,275.48,238.87
10160,1209,1299,4.71,-1.71,-170.83,-0.18,270.36,99.35
10175,1215,2000,-2.49,5.49,549.39,0.96,286.84,837.19
10190,1214,1536,2.51,0.49,48.90,-0.67,288.31,336.54
10205,1214,1223,5.56,-2.56,-256.27,-0.41,280.62,23.94
10220,1215,1292,4.83,-1.83,-183.03,0.10,275.13,92.19
10234,1209,1248,5.20,-2.20,-219.65,-0.05,268.54,48.83
10250,1215,1557,2.14,0.86,85.52,0.38,271.10,357.01
10265,1201,1231,5.32,-2.32,-231.86,-0.42,264.15,31.87
10279,1215,1023,7.27,-4.27,-427.17,-0.28,251.33,-176.12
10295,1215,1804,-0.42,3.42,341.87,0.96,261.59,604.42
10309,1208,1624,1.41,1.59,158.76,-0.26,266.35,424.86
10324,1201,1617,1.53,1.47,146.56,-0.02,270.75,417.29
10340,1214,1533,2.39,0.61,61.11,-0.11,272.58,333.58
10354,1214,1447,3.24,-0.24,-24.34,-0.12,271.85,247.39
10370,1215,1383,3.85,-0.85,-85.38,-0.08,269.29,183.84
10384,1195,1305,4.59,-1.59,-158.62,-0.10,264.53,105.81
10399,1214,1187,5.68,-2.68,-268.48,-0.15,256.48,-12.15
10415,1215,1796,-0.30,3.30,329.66,0.75,266.37,596.78
10429,1214,1289,4.71,-1.71,-170.83,-0.71,261.24,89.70
10444,1201,1323,4.34,-1.34,-134.20,0.05,257.22,123.06
10459,1215,1444,3.12,-0.12,-12.13,0.16,256.85,244.88
10474,1215,1167,5.81,-2.81,-280.69,-0.36,248.43,-32.61
10489,1209,1159,5.81,-2.81,-280.69,0.00,240.01,-40.68
10504,1201,1213,5.20,-2.20,-219.65,0.08,233.42,13.85
10519,1215,1471,2.63,0.37,36.69,0.34,234.52,271.56
10533,1214,1144,5.81,-2.81,-280.69,-0.45,226.10,-55.04
10549,1214,1124,5.93,-2.93,-292.90,-0.02,217.32,-75.60
10563,1195,1266,4.46,-1.46,-146.41,0.21,212.92,66.72
10578,1215,1765,-0.42,3.42,341.87,0.65,223.18,565.70
10594,1215,1599,1.29,1.71,170.97,-0.21,228.31,399.07
10608,1215,1541,1.90,1.10,109.94,-0.09,231.61,341.46
10624,1215,1481,2.51,0.49,48.90,-0.08,233.07,281.90
10638,1208,1445,2.88,0.12,12.28,-0.05,233.44,245.67
10653,1215,1345,3.85,-0.85,-85.38,-0.13,230.88,145.37
10669,1215,1922,-1.76,4.76,476.15,0.70,245.17,722.01
10683,1200,1885,-1.27,4.27,427.32,-0.07,257.98,685.23
10698,1214,1507,2.51,0.49,48.90,-0.50,259.45,307.85
10713,1208,1169,5.81,-2.81,-280.69,-0.44,251.03,-30.10
10728,1215,1287,4.59,-1.59,-158.62,0.16,246.27,87.82
10743,1201,1534,2.14,0.86,85.52,0.33,248.84,334.69
10758,1214,1625,1.29,1.71,170.97,0.11,253.97,425.05
10773,1214,1202,5.44,-2.44,-244.07,-0.55,246.65,2.02
10787,1208,1144,5.93,-2.93,-292.90,-0.07,237.86,-55.11
10803,1200,1438,3.00,0.00,0.07,0.37,237.86,238.30
10817,1214,1639,1.05,1.95,195.39,0.28,243.72,439.39
10832,1215,1065,6.66,-3.66,-366.14,-0.75,232.74,-134.15
10848,1215,1785,-0.42,3.42,341.87,0.89,242.99,585.75
10862,1195,1807,-0.54,3.54,354.08,0.02,253.62,607.71
10877,1214,1591,1.66,1.34,134.35,-0.29,257.65,391.70
10893,1215,1570,1.90,1.10,109.94,-0.03,260.95,370.85
10907,1214,1486,2.76,0.24,24.49,-0.12,261.68,286.04
10923,1201,1486,2.76,0.24,24.49,0.00,262.41,286.90
10937,1215,1412,3.49,-0.49,-48.75,-0.10,260.95,212.09
10952,1215,1234,5.20,-2.20,-219.65,-0.23,254.36,34.48
10968,1209,1643,1.17,1.83,183.18,0.50,259.86,443.54
10982,1215,1900,-1.27,4.27,427.32,0.35,272.68,700.35
10997,1214,1157,6.05,-3.05,-305.10,-0.98,263.52,-42.56
11012,1215,1539,2.27,0.73,73.32,0.50,265.72,339.54
11027,1215,1000,10.45,-7.45,-744.56,-1.09,243.39,-502.26
11042,1208,1000,8.37,-5.37,-537.04,0.28,227.28,-309.48
11057,1215,1793,-0.54,3.54,354.08,1.19,237.90,593.16
11072,1215,1601,1.41,1.59,158.76,-0.26,242.66,401.17
11086,1214,1568,1.78,1.22,122.14,-0.05,246.33,368.42
11102,1215,1559,1.90,1.10,109.94,-0.02,249.62,359.54
11117,1209,1436,3.12,-0.12,-12.13,-0.16,249.26,236.96
11131,1215,1398,3.49,-0.49,-48.75,-0.05,247.80,198.99
11147,1214,1246,4.95,-1.95,-195.24,-0.18,241.94,46.52
11161,1214,1253,4.83,-1.83,-183.03,0.02,236.45,53.43
11176,1215,1877,-1.27,4.27,427.32,0.81,249.27,677.40
11191,1209,1259,4.83,-1.83,-183.03,-0.81,243.78,59.93
11206,1215,1217,5.20,-2.20,-219.65,-0.05,237.19,17.49
11222,1215,1324,4.10,-1.10,-109.79,0.14,233.89,124.24
11236,1215,1685,0.56,2.44,244.21,0.51,241.22,485.94
11251,1215,1164,5.68,-2.68,-268.48,-0.68,233.17,-36.00
11266,1208,1370,3.61,-0.61,-60.96,0.28,231.34,170.65
11281,1215,1368,3.61,-0.61,-60.96,0.00,229.51,168.55
11296,1215,1555,1.78,1.22,122.14,0.24,233.17,355.56
11311,1215,1118,6.05,-3.05,-305.10,-0.57,224.02,-81.65
11326,1215,1777,-0.42,3.42,341.87,0.86,234.28,577.01
11340,1208,1798,-0.54,3.54,354.08,0.02,244.90,598.99
11356,1215,1620,1.29,1.71,170.97,-0.23,250.03,420.77
11371,1214,1550,2.02,0.98,97.73,-0.10,252.96,350.59
11385,1215,1440,3.12,-0.12,-12.13,-0.16,252.59,240.30
11401,1215,1452,3.00,0.00,0.07,0.02,252.60,252.69
11415,1214,1389,3.61,-0.61,-60.96,-0.09,250.77,189.72
11430,1215,1224,5.20,-2.20,-219.65,-0.21,244.18,24.31
11446,1208,1784,-0.30,3.30,329.66,0.69,254.07,584.42
11460,1215,1894,-1.27,4.27,427.32,0.14,266.89,694.35
11475,1215,1252,5.07,-2.07,-207.45,-0.85,260.66,52.37
11490,1215,1360,3.98,-0.98,-97.58,0.15,257.74,160.30
11505,1215,1571,1.90,1.10,109.94,0.28,261.04,371.25
11521,1209,1599,1.66,1.34,134.35,0.03,265.07,399.45
11535,1215,1062,6.91,-3.91,-390.55,-0.75,253.35,-137.95
11550,1215,1806,-0.42,3.42,341.87,0.98,263.61,606.45
11565,1201,1614,1.53,1.47,146.56,-0.26,268.00,414.30
11580,1215,1631,1.41,1.59,158.76,0.02,272.76,431.55
11594,1208,1585,1.90,1.10,109.94,-0.07,276.06,385.93
11610,1215,1425,3.49,-0.49,-48.75,-0.20,274.60,225.65
11625,1201,1374,3.98,-0.98,-97.511639,1215,1396,3.73,-0.73,-73.18,-0.07,271.67,174.02
7,0.03,269.48,196.34
11655,1214,1280,4.83,-1.83,-183.03,-0.14,263.99,80.82
11669,1209,1703,0.68,2.32,232.01,0.59,270.95,503.55
11684,1201,1722,0.56,2.44,244.21,0.02,278.27,522.50
11700,1215,1188,5.81,-2.81,-280.69,-0.66,269.85,-11.49
11714,1214,1394,3.73,-0.73,-73.17,0.30,267.66,194.79
11729,1214,1455,3.12,-0.12,-12.13,0.08,267.29,255.24
11744,1195,1618,1.53,1.47,146.56,0.21,271.69,418.46
11759,1214,1000,8.00,-5.00,-500.42,-0.86,256.68,-244.60
11774,1215,1809,-0.42,3.42,341.87,1.12,266.93,609.93
11789,1215,1642,1.29,1.71,170.97,-0.23,272.06,442.81
11804,1214,1648,1.29,1.71,170.97,0.00,277.19,448.16
11819,1209,1577,2.02,0.98,97.73,-0.10,280.12,377.76
11834,1214,1492,2.88,0.12,12.28,-0.11,280.49,292.66
11849,1215,1329,4.46,-1.46,-146.41,-0.21,276.10,129.48
11864,1201,1375,3.98,-0.98,-97.58,0.07,273.17,175.65
11879,1215,2000,-2.13,5.13,512.77,0.81,288.56,802.14
11893,1215,1450,3.37,-0.37,-36.55,-0.78,287.46,250.13
11909,1215,1223,5.56,-2.56,-256.27,-0.27,279.77,23.22
11924,1194,1152,6.17,-3.17,-317.31,-0.08,270.25,-47.14
11938,1215,1407,3.61,-0.61,-60.96,0.37,268.42,207.83
11954,1214,1393,3.73,-0.73,-73.17,-0.02,266.23,193.04
11968,1215,1416,3.49,-0.49,-48.75,0.03,264.77,216.05
11983,1201,1628,1.41,1.59,158.76,0.28,269.53,428.57
11999,1208,1192,5.68,-2.68,-268.48,-0.53,261.47,-7.54
12013,1214,1449,3.12,-0.12,-12.13,0.37,261.11,249.34
12028,1214,1000,9.47,-6.47,-646.90,-0.85,241.70,-406.04
12043,1200,1102,6.30,-3.30,-329.52,0.42,231.82,-97.28
12058,1214,1784,-0.42,3.42,341.87,0.90,242.07,584.84
12072,1209,1605,1.41,1.59,158.76,-0.26,246.84,405.34
12088,1215,1534,2.14,0.86,85.52,-0.09,249.40,334.83
12103,1201,1524,2.27,0.73,73.32,-0.02,251.60,324.90
12118,1215,1451,3.00,0.00,0.07,-0.10,251.60,251.58
12133,1214,1262,4.83,-1.83,-183.03,-0.24,246.11,62.84
12147,1208,1836,-0.78,3.78,378.49,0.80,257.47,636.76
12163,1201,1973,-2.01,5.01,500.56,0.15,272.48,773.20
12178,1214,1408,3.61,-0.61,-60.96,-0.75,270.66,208.94
12192,1215,1294,4.71,-1.71,-170.83,-0.16,265.53,94.55
12208,1215,1377,3.85,-0.85,-85.38,0.11,262.97,177.70
12222,1208,1526,2.39,0.61,61.11,0.21,264.80,326.12
12237,1214,1628,1.41,1.59,158.76,0.13,269.57,428.46
12253,1215,1192,5.68,-2.68,-268.48,-0.53,261.51,-7.50
12267,1215,1298,4.59,-1.59,-158.62,0.16,256.75,98.29
12282,1214,1582,1.78,1.22,122.14,0.37,260.42,382.93
12297,1209,1699,0.68,2.32,232.01,0.15,267.38,499.53
12312,1215,1215,5.44,-2.44,-244.07,-0.63,260.06,15.35
12327,1215,1259,4.95,-1.95,-195.24,0.07,254.20,59.02
12342,1215,1303,4.46,-1.46,-146.41,0.07,249.81,103.46
12357,1215,1588,1.66,1.34,134.35,0.37,253.84,388.56
12371,1214,1201,5.44,-2.44,-244.07,-0.54,246.51,1.91
12387,1215,1220,5.20,-2.20,-219.65,0.03,239.92,20.30
12401,1208,1339,3.98,-0.98,-97.58,0.17,237.00,139.59
12417,1215,1500,2.39,0.61,61.11,0.20,238.83,300.14
12432,1214,1048,6.78,-3.78,-378.34,-0.59,227.48,-151.45
12446,1214,1780,-0.42,3.42,341.87,1.03,237.74,580.64
12462,1215,1789,-0.42,3.42,341.87,0.00,247.99,589.86
12477,1209,1611,1.41,1.59,158.76,-0.24,252.76,411.28
12491,1214,1565,1.90,1.10,109.94,-0.07,256.05,365.92
12507,1215,1468,2.88,0.12,12.28,-0.12,256.42,268.58
12521,1214,1469,2.88,0.12,12.28,0.00,256.79,269.07
12536,1215,1381,3.73,-0.73,-73.17,-0.11,254.59,181.31
12551,1208,1253,4.95,-1.95,-195.24,-0.16,248.74,53.34
12566,1214,1788,-0.30,3.30,329.66,0.70,258.63,588.99
12581,1215,1974,-2.01,5.01,500.56,0.23,273.64,774.43
12596,1215,1284,4.83,-1.83,-183.03,-0.91,268.15,84.21
12611,1215,1329,4.34,-1.34,-134.20,0.07,264.13,129.99
12625,1208,1691,0.80,2.20,219.80,0.51,270.72,491.03
12641,1215,1797,-0.17,3.17,317.46,0.12,280.25,597.82
12656,1214,1291,4.83,-1.83,-183.03,-0.67,274.75,91.05
12670,1214,1286,4.83,-1.83,-183.03,0.00,269.26,86.23
12686,1215,1582,1.90,1.10,109.94,0.37,272.56,382.86
12700,1208,1661,1.17,1.83,183.18,0.10,278.06,461.34
12716,1214,1251,5.20,-2.20,-219.65,-0.50,271.47,51.31
12731,1215,1207,5.56,-2.56,-256.27,-0.05,263.78,7.46
12745,1214,1514,2.51,0.49,48.90,0.44,265.25,314.58
12761,1215,1717,0.56,2.44,244.21,0.24,272.57,517.03
12775,1211,1157,6.05,-3.05,-305.10,-0.78,263.42,-42.47
12790,1215,1224,5.32,-2.32,-231.86,0.10,256.46,24.70
12806,1213,1330,4.22,-1.22,-122.00,0.14,252.80,130.94
12820,1214,1478,2.76,0.24,24.49,0.21,253.54,278.23
12835,1215,1113,6.30,-3.30,-329.52,-0.47,243.65,-86.34
12850,1215,1796,-0.42,3.42,341.87,0.90,253.91,596.67
12865,1201,1806,-0.42,3.42,341.87,0.00,264.16,606.03
12879,1209,1640,1.29,1.71,170.97,-0.24,269.29,440.02
12895,1214,1557,2.14,0.86,85.52,-0.11,271.86,357.28
12910,1215,1459,3.12,-0.12,-12.13,-0.13,271.50,259.23
12924,1201,1421,3.49,-0.49,-48.75,-0.05,270.03,221.23
12940,1215,1369,3.98,-0.98,-97.58,-0.06,267.11,169.46
12954,1209,1379,3.85,-0.85,-85.38,0.02,264.54,179.19
12969,1215,1364,3.98,-0.98,-97.58,-0.02,261.62,164.02
12985,1201,1990,-2.13,5.13,512.77,0.76,277.00,790.53
12999,1215,1803,-0.17,3.17,317.46,-0.28,286.52,603.70
13015,1215,1335,4.46,-1.46,-146.41,-0.58,282.13,135.14
13030,1209,1482,3.00,0.00,0.07,0.20,282.13,282.40
13044,1200,1771,0.19,2.81,280.83,0.40,290.56,571.79
13060,1214,1150,6.30,-3.30,-329.52,-0.76,280.67,-49.61
13074,1215,1267,5.07,-2.07,-207.45,0.17,274.45,67.18
13089,1214,1613,1.66,1.34,134.35,0.46,278.48,413.29
13104,1209,1642,1.41,1.59,158.76,0.03,283.24,442.04
13119,1215,1143,6.30,-3.30,-329.52,-0.65,273.36,-56.81
13134,1215,1285,4.83,-1.83,-183.03,0.20,267.87,85.03
13149,1215,1505,2.63,0.37,36.69,0.29,268.97,305.95
13164,1215,1670,1.05,1.95,195.39,0.21,274.83,470.43
13178,1208,1084,6.78,-3.78,-378.34,-0.82,263.48,-115.69
13194,1215,1816,-0.42,3.42,341.87,0.90,273.73,616.51
13209,1215,1662,1.17,1.83,183.18,-0.21,279.23,462.20
13223,1201,1642,1.41,1.59,158.76,-0.03,283.99,442.72
13239,1214,1546,2.39,0.61,61.11,-0.12,285.83,346.81
13253,1210,1523,2.63,0.37,36.69,-0.03,286.93,323.59
13268,1215,1348,4.34,-1.34,-134.20,-0.23,282.90,148.47
13284,1194,1382,3.98,-0.98,-97.58,0.05,279.97,182.44
13298,1215,1883,-0.91,3.91,390.70,0.70,291.69,683.09
13314,1214,1566,2.27,0.73,73.32,-0.40,293.89,366.81
13328,1215,1153,6.30,-3.30,-329.52,-0.58,284.01,-46.08
13343,1200,1157,6.17,-3.17,-317.31,0.02,274.49,-42.80
13359,1209,1412,3.61,-0.61,-60.96,0.32,272.66,212.02
13373,1215,1208,5.56,-2.56,-256.27,-0.28,264.97,8.42
13388,1215,1465,3.00,0.00,0.07,0.34,264.97,265.39
13403,1201,1578,1.90,1.10,109.94,0.15,268.27,378.36
13418,1215,1014,7.39,-4.39,-439.38,-0.73,255.09,-185.02
13433,1209,1820,-0.54,3.54,354.08,1.06,265.71,620.85
13448,1215,1628,1.41,1.59,158.76,-0.26,270.48,428.98
13463,1201,1621,1.53,1.47,146.56,-0.02,274.87,421.41
13477,1214,1588,1.90,1.10,109.94,-0.05,278.17,388.06
13493,1215,1465,3.12,-0.12,-12.13,-0.15,277.81,265.52
13507,1208,1377,3.98,-0.98,-97.58,-0.12,274.88,177.17
13522,1214,1399,3.73,-0.73,-73.17,0.03,272.68,199.55
13538,1215,1321,4.46,-1.46,-146.41,-0.09,268.29,121.79
13552,1215,1808,-0.30,3.30,329.66,0.68,278.18,608.53
13568,1215,1351,4.22,-1.22,-122.00,-0.56,274.52,151.96
13582,1208,1260,5.07,-2.07,-207.45,-0.12,268.30,60.73
13597,1215,1569,2.02,0.98,97.73,0.41,271.23,369.37
13613,1215,1106,6.54,-3.54,-353.93,-0.56,260.61,-93.88
13627,1214,1826,-0.54,3.54,354.08,1.01,271.23,626.32
13642,1214,1835,-0.54,3.54,354.08,0.00,281.86,635.93
13657,1209,1632,1.53,1.47,146.56,-0.28,286.25,432.53
13672,1214,1561,2.27,0.73,73.32,-0.10,288.45,361.67
13687,1214,1526,2.63,0.37,36.69,-0.05,289.55,326.20
13702,1215,1489,3.00,0.00,0.07,-0.05,289.56,289.58
13717,1215,1401,3.85,-0.85,-85.38,-0.11,287.00,201.51
13731,1212,1222,5.56,-2.56,-256.27,-0.24,279.31,22.79
13747,1215,1592,1.90,1.10,109.94,0.46,282.60,393.00
13762,1214,1721,0.68,2.32,232.01,0.16,289.57,521.73
13776,1214,1275,5.07,-2.07,-207.45,-0.63,283.34,75.27
13792,1215,1307,4.71,-1.71,-170.83,0.05,278.22,107.44
13806,1214,1579,2.02,0.98,97.73,0.38,281.15,379.26
13821,1215,1669,1.17,1.83,183.18,0.11,286.64,469.94
13837,1208,1234,5.44,-2.44,-244.07,-0.53,279.32,34.72
13851,1215,1379,3.98,-0.98,-97.58,0.21,276.39,179.02
0.23,278.96,364.71
13867,1214,1564,2.14,0.86,85.52,13881,1215,1579,2.02,0.98,97.73,0.02,281.89,379.64
13896,1214,1000,7.88,-4.88,-488.21,-0.78,267.25,-221.74
13912,1209,1820,-0.42,3.42,341.87,1.04,277.50,620.41
13926,1215,1653,1.29,1.71,170.97,-0.24,282.63,453.36
13941,1215,1658,1.29,1.71,170.97,0.00,287.76,458.73
13956,1215,1575,2.14,0.86,85.52,-0.11,290.33,375.73
13971,1214,1465,3.24,-0.24,-24.34,-0.15,289.60,265.11
13985,1209,1451,3.37,-0.37,-36.55,-0.02,288.50,251.93
14001,1215,1425,3.61,-0.61,-60.96,-0.03,286.67,225.68
14016,1214,1297,4.83,-1.83,-183.03,-0.16,281.18,97.98
14030,1214,1783,0.07,2.93,293.04,0.68,289.97,583.69
14046,1201,1388,3.98,-0.98,-97.58,-0.49,287.04,188.97
14060,1209,1197,5.81,-2.81,-280.69,-0.26,278.62,-2.33
14075,1215,1428,3.49,-0.49,-48.75,0.31,277.16,228.71
14091,1215,1288,4.83,-1.83,-183.03,-0.17,271.67,88.47
14105,1215,1232,5.32,-2.32,-231.86,-0.07,264.71,32.78
14120,1215,1490,2.76,0.24,24.49,0.34,265.45,290.28
14135,1208,1012,7.39,-4.39,-439.38,-0.62,252.27,-187.73
14150,1215,1805,-0.42,3.42,341.87,1.04,262.52,605.43
14166,1201,1638,1.29,1.71,170.97,-0.21,267.65,438.41
14180,1215,1643,1.29,1.71,170.97,0.00,272.78,443.75
14195,1215,1548,2.27,0.73,73.32,-0.13,274.98,348.17
14210,1214,1500,2.76,0.24,24.49,-0.07,275.72,300.14
14225,1201,1375,3.98,-0.98,-97.58,-0.16,272.79,175.04
14240,1209,1422,3.49,-0.49,-48.75,0.07,271.32,222.64
14255,1215,1307,4.59,-1.59,-158.62,-0.15,266.57,107.80
14270,1214,1655,1.17,1.83,183.18,0.46,272.06,455.70
14284,1201,1899,-1.15,4.15,415.11,0.33,284.52,699.96
14300,1215,1307,4.71,-1.71,-170.83,-0.73,279.39,107.83
14315,1209,1441,3.37,-0.37,-36.55,0.18,278.29,241.93
14329,1215,1188,5.81,-2.81,-280.69,-0.35,269.87,-11.16
14345,1201,1218,5.44,-2.44,-244.07,0.05,262.55,18.53
14359,1214,1425,3.37,-0.37,-36.55,0.30,261.45,225.20
14374,1215,1234,5.20,-2.20,-219.65,-0.24,254.87,34.97
14389,1209,1530,2.27,0.73,73.32,0.39,257.06,330.77
14404,1215,1721,0.44,2.56,256.42,0.24,264.76,521.42
14419,1215,1137,6.17,-3.17,-317.31,-0.76,255.24,-62.84
14434,1215,1367,3.85,-0.85,-85.38,0.31,252.68,167.61
14449,1214,1465,2.88,0.12,12.28,0.13,253.05,265.46
14464,1194,1717,0.44,2.56,256.42,0.33,260.74,517.48
14479,1215,1170,5.81,-2.81,-280.69,-0.72,252.32,-29.09
14494,1214,1100,6.42,-3.42,-341.72,-0.08,242.07,-99.74
14509,1215,1795,-0.42,3.42,341.87,0.91,252.32,595.10
14524,1201,1804,-0.42,3.42,341.87,0.00,262.58,604.45
14538,1209,1625,1.41,1.59,158.76,-0.26,267.34,425.84
14554,1215,1530,2.39,0.61,61.11,-0.12,269.17,330.16
14569,1215,1494,2.76,0.24,24.49,-0.05,269.91,294.35
14583,1201,1482,2.88,0.12,12.28,-0.02,270.28,282.54
14599,1215,1432,3.37,-0.37,-36.55,-0.06,269.18,232.57
14613,1208,1179,5.81,-2.81,-280.69,-0.35,260.76,-20.28
14628,1215,1851,-0.78,3.78,378.49,0.88,272.11,651.48
14644,1201,1924,-1.40,4.40,439.53,0.08,285.30,724.90
14658,1215,1283,4.95,-1.95,-195.24,-0.91,279.44,83.30
14673,1215,1454,3.24,-0.24,-24.34,0.23,278.71,254.60
14688,1208,1063,7.03,-4.03,-402.76,-0.50,266.63,-136.63
14703,1201,1039,7.15,-4.15,-414.97,-0.02,254.18,-160.80
14718,1209,1819,-0.54,3.54,354.08,1.03,264.80,619.91
14733,1214,1615,1.53,1.47,146.56,-0.28,269.20,415.48
14748,1214,1582,1.90,1.10,109.94,-0.05,272.50,382.39
14763,1215,1585,1.90,1.10,109.94,0.00,275.80,385.73
14778,1215,1475,3.00,0.00,0.07,-0.15,275.80,275.73
14792,1208,1337,4.34,-1.34,-134.20,-0.19,271.77,137.38
14808,1215,2000,-3.96,6.96,695.87,1.04,292.65,989.56
14823,1215,1995,-1.88,4.88,488.35,-0.28,307.30,795.38
14837,1215,1405,3.98,-0.98,-97.58,-0.84,304.37,205.95
14853,1214,1391,4.10,-1.10,-109.79,-0.02,301.08,191.27
14868,1209,1501,3.00,0.00,0.07,0.15,301.08,301.30
14882,1214,1639,1.66,1.34,134.35,0.19,305.11,439.65
14898,1215,1202,5.93,-2.93,-292.90,-0.53,296.32,2.89
14912,1215,1232,5.56,-2.56,-256.27,0.05,288.64,32.41
14927,1215,1350,4.34,-1.34,-134.20,0.16,284.61,150.57
14942,1208,1724,0.68,2.32,232.01,0.49,291.57,524.06
14957,1214,1000,9.10,-6.10,-610.28,-1.12,273.26,-338.14
14972,1215,1826,-0.42,3.42,341.87,1.27,283.52,626.66
14987,1215,1646,1.41,1.59,158.76,-0.24,288.28,446.80
15002,1214,1651,1.41,1.59,158.76,0.00,293.04,451.81
15016,1209,1606,1.90,1.10,109.94,-0.07,296.34,406.21
15032,1214,1483,3.12,-0.12,-12.13,-0.15,295.98,283.69
15047,1215,1407,3.85,-0.85,-85.38,-0.10,293.42,207.94
15062,1214,1455,3.37,-0.37,-36.55,0.07,292.32,255.84
15077,1215,1240,5.44,-2.44,-244.07,-0.28,285.00,40.65
15091,1208,1875,-0.78,3.78,378.49,0.89,296.35,675.73
15107,1215,1307,4.83,-1.83,-183.03,-0.70,290.86,107.13
15122,1215,1189,5.93,-2.93,-292.90,-0.15,282.07,-10.97
15136,1215,1394,3.85,-0.85,-85.38,0.30,279.51,194.43
15152,1215,1731,0.56,2.44,244.21,0.41,286.84,531.47
15166,1213,1045,7.27,-4.27,-427.17,-0.96,274.02,-154.11
15181,1215,1159,6.05,-3.05,-305.10,0.16,264.87,-40.07
15197,1208,1364,3.98,-0.98,-97.58,0.26,261.94,164.62
15211,1215,1424,3.37,-0.37,-36.55,0.09,260.85,224.39
15226,1215,1360,3.98,-0.98,-97.58,-0.08,257.92,160.26
15241,1215,1193,5.56,-2.56,-256.27,-0.21,250.23,-6.25
15256,1215,1387,3.61,-0.61,-60.96,0.26,248.40,187.70
15270,1209,1662,0.92,2.08,207.59,0.38,254.63,462.61
15286,1212,1253,4.95,-1.95,-195.24,-0.50,248.77,53.03
15301,1214,1134,6.05,-3.05,-305.10,-0.15,239.62,-65.63
15315,1215,1314,4.22,-1.22,-122.00,0.26,235.96,114.23
15331,1215,1436,3.00,0.00,0.07,0.15,235.96,236.19
15345,1204,1121,6.05,-3.05,-305.10,-0.44,226.81,-78.73
15361,1215,1225,4.95,-1.95,-195.24,0.14,220.95,25.85
15376,1215,1320,3.98,-0.98,-97.58,0.13,218.03,120.57
15390,1214,1393,3.24,-0.24,-24.34,0.10,217.29,193.06
15406,1201,1505,2.14,0.86,85.52,0.14,219.86,305.52
15420,1209,1646,0.80,2.20,219.80,0.19,226.45,446.45
15435,1215,1237,4.83,-1.83,-183.03,-0.54,220.96,37.39
15451,1214,1358,3.61,-0.61,-60.96,0.15,219.13,158.33
15465,1201,1582,1.41,1.59,158.76,0.31,223.90,382.98
15480,1214,1725,0.07,2.93,293.04,0.18,232.69,525.91
15495,1208,1205,5.20,-2.20,-219.65,-0.68,226.10,5.76
15510,1214,1313,4.10,-1.10,-109.79,0.15,222.81,113.16
15525,1201,1536,1.90,1.10,109.94,0.29,226.10,336.33
15540,1215,1665,0.68,2.32,232.01,0.16,233.06,465.23
15555,1215,1168,5.56,-2.56,-256.27,-0.65,225.38,-31.55
15569,1209,1413,3.12,-0.12,-12.13,0.35,225.01,213.23
15585,1201,1349,3.73,-0.73,-73.17,-0.08,222.82,149.57
15600,1215,1574,1.53,1.47,146.56,0.29,227.21,374.06
15614,1215,1137,5.81,-2.81,-280.69,-0.61,218.79,-62.51
15630,1215,1041,6.66,-3.66,-366.14,-0.11,207.81,-158.44
15644,1201,1282,4.22,-1.22,-122.00,0.35,204.15,82.50
15660,1215,1756,-0.42,3.42,341.87,0.58,214.40,556.85
15675,1209,1577,1.41,1.59,158.76,-0.24,219.17,377.69
15689,1215,1532,1.90,1.10,109.94,-0.07,222.47,332.33
15705,1214,1548,1.78,1.22,122.14,0.02,226.13,348.29
15719,1214,1438,2.88,0.12,12.28,-0.16,226.50,238.62
15734,1215,1325,3.98,-0.98,-97.58,-0.15,223.57,125.84
15750,1209,2000,-4.69,7.69,769.12,1.08,246.64,1016.84
15764,1200,1974,-2.13,5.13,512.77,-0.37,262.03,774.43
15779,1215,1524,2.39,0.61,61.11,-0.60,263.86,324.37
15794,1215,1149,6.05,-3.05,-305.10,-0.49,254.71,-50.88
15809,1215,1316,4.34,-1.34,-134.20,0.23,250.68,116.71
15824,1195,1463,2.88,0.12,12.28,0.20,251.05,263.53
15839,1215,1602,1.53,1.47,146.56,0.18,255.45,402.18
15854,1215,1115,6.30,-3.30,-329.52,-0.63,245.56,-84.59
15868,1215,1798,-0.42,3.42,341.87,0.96,255.82,598.65
15884,1200,1807,-0.42,3.42,341.87,0.00,266.07,607.94
15898,1209,1641,1.29,1.71,170.97,-0.24,271.20,441.93
15913,1215,1571,2.02,0.98,97.73,-0.10,274.13,371.77
15929,1214,1448,3.24,-0.24,-24.34,-0.15,273.40,248.91
15943,1201,1448,3.24,-0.24,-24.34,0.00,272.67,248.33
15959,1215,1397,3.73,-0.73,-73.17,-0.06,270.48,197.25
15973,1209,1269,4.95,-1.95,-195.24,-0.17,264.62,69.21
15988,1214,1704,0.68,2.32,232.01,0.57,271.58,504.16
16004,1201,1836,-0.54,3.54,354.08,0.15,282.20,636.43
16018,1215,1217,5.56,-2.56,-256.27,-0.87,274.52,17.37
16033,1215,1298,4.71,-1.71,-170.83,0.11,269.39,98.68
16048,1209,1721,0.56,2.44,244.21,0.55,276.72,521.49
16063,1215,1577,2.02,0.98,97.73,-0.20,279.65,377.18
16078,1215,1202,5.68,-2.68,-268.48,-0.49,271.60,2.63
16093,1215,1220,5.44,-2.44,-244.07,0.03,264.27,20.24
16108,1215,1590,1.78,1.22,122.14,0.49,267.94,390.57
16122,1215,1681,0.92,2.08,207.59,0.12,274.17,481.88
16138,1215,1134,6.30,-3.30,-329.52,-0.67,264.28,-65.91
16153,1209,1162,5.93,-2.93,-292.90,0.05,255.49,-37.35
16167,1214,1468,2.88,0.12,12.28,0.44,255.86,268.58
16183,1215,1632,1.29,1.71,170.97,0.20,260.99,432.16
16197,1214,1183,5.68,-2.68,-268.48,-0.63,252.94,-16.17
16212,1214,1163,5.81,-2.81,-280.69,-0.02,244.52,-36.19
16228,1209,1381,3.61,-0.61,-60.96,0.27,242.69,182.00
16242,1215,1556,1.90,1.10,109.94,0.24,245.98,356.17
16258,1215,1068,6.66,-3.66,-366.14,-0.60,235.00,-131.73
16272,1215,1788,-0.42,3.42,341.87,1.01,245.26,588.14
16287,1214,1621,1.29,1.71,170.97,-0.23,250.39,421.13
16303,1208,1639,1.17,1.83,183.18,0.02,255.88,439.08
16317,1215,1543,2.14,0.86,85.52,-0.14,258.45,343.83
16332,1214,1445,3.12,-0.12,-12.13,-0.13,258.08,245.82
16347,1214,1370,3.85,-0.85,-85.38,-0.10,255.52,170.05
16362,1215,1417,3.37,-0.37,-36.55,0.07,254.43,217.94
16376,1209,1227,5.20,-2.20,-219.65,-0.26,247.84,27.92
16392,1214,1699,0.56,2.44,244.21,0.58,255.16,499.96
16407,1214,1278,4.71,-1.71,-170.83,-0.55,250.04,78.66
16421,1214,1261,4.83,-1.83,-183.03,-0.02,244.55,61.50
16437,1215,1558,1.90,1.10,109.94,0.37,247.84,358.15
16451,1209,1019,7.15,-4.15,-414.97,-0.75,235.40,-180.32
16466,1215,1788,-0.42,3.42,341.87,1.01,245.65,588.53
16482,1215,1810,-0.54,3.54,354.08,0.02,256.27,610.37
16496,1215,1644,1.17,1.83,183.18,-0.24,261.77,444.70
16512,1214,1574,1.90,1.10,109.94,-0.09,265.07,374.91
16526,1208,1490,2.76,0.24,24.49,-0.12,265.80,290.17
16541,1215,1491,2.76,0.24,24.49,0.00,266.54,291.02
16557,1214,1365,3.98,-0.98,-97.58,-0.15,263.61,165.87
16571,1215,1350,4.10,-1.10,-109.79,-0.02,260.32,150.51
16586,1214,2000,-3.96,6.96,695.87,1.07,281.19,978.14
16601,1215,2000,-2.49,5.49,549.39,-0.20,297.67,846.87
16616,1215,1572,2.27,0.73,73.32,-0.63,299.87,372.55
16631,1209,1248,5.44,-2.44,-244.07,-0.42,292.55,48.06
16646,1215,1153,6.30,-3.30,-329.52,-0.11,282.67,-46.97
16661,1215,1407,3.73,-0.73,-73.17,0.34,280.47,207.64
16675,1215,1417,3.61,-0.61,-60.96,0.02,278.64,217.70
16691,1215,1327,4.46,-1.46,-146.41,-0.11,274.25,127.73
16706,1195,1436,3.37,-0.37,-36.55,0.15,273.15,236.75
16720,1215,1649,1.29,1.71,170.97,0.30,278.28,449.55
16736,1214,1138,6.30,-3.30,-329.52,-0.63,268.40,-61.75
16750,1214,1242,5.20,-2.20,-219.65,0.16,261.81,42.31
16765,1201,1386,3.73,-0.73,-73.17,0.20,259.61,186.64
16780,1208,1623,1.41,1.59,158.76,0.31,264.37,423.45
16795,1215,1048,7.03,-4.03,-402.76,-0.75,252.29,-151.22
16811,1215,1805,-0.42,3.42,341.87,0.93,262.55,605.35
16825,1201,1827,-0.54,3.54,354.08,0.02,273.17,627.26
16840,1215,1661,1.17,1.83,183.18,-0.23,278.67,461.62
16856,1208,1579,2.02,0.98,97.73,-0.11,281.60,379.22
16870,1214,1531,2.51,0.49,48.90,-0.07,283.06,331.90
16885,1201,1457,3.24,-0.24,-24.34,-0.10,282.33,257.90
16900,1215,1394,3.85,-0.85,-85.38,-0.08,279.77,194.32
16915,1215,1291,4.83,-1.83,-183.03,-0.13,274.28,91.12
16929,1209,1676,1.05,1.95,195.39,0.54,280.14,476.07
16945,1215,1819,-0.30,3.30,329.66,0.17,290.03,619.86
16960,1215,1313,4.71,-1.71,-170.83,-0.67,284.91,113.42
16974,1214,1434,3.49,-0.49,-48.75,0.17,283.45,234.87
16990,1215,1231,5.44,-2.44,-244.07,-0.24,276.12,31.81
17004,1194,1262,5.07,-2.07,-207.45,0.05,269.90,62.51
5,0.23,268.80,232.48
17019,1214,1432,3.37,-0.37,-36.517035,1214,1103,6.54,-3.54,-353.93,-0.40,258.19,-96.14
17049,1215,1823,-0.54,3.54,354.08,1.01,268.81,623.90
17064,1200,1820,-0.42,3.42,341.87,-0.02,279.06,620.92
17079,1214,1654,1.29,1.71,170.97,-0.23,284.19,454.94
17094,1215,1597,1.90,1.10,109.94,-0.08,287.49,397.35
17110,1209,1487,3.00,0.00,0.07,-0.14,287.49,287.43
17124,1200,1512,2.76,0.24,24.49,0.03,288.23,312.75
17139,1215,1425,3.61,-0.61,-60.96,-0.11,286.40,225.32
17154,1214,1285,4.95,-1.95,-195.24,-0.18,280.54,85.12
17169,1214,1808,-0.17,3.17,317.46,0.68,290.07,608.21
17184,1194,1804,-0.05,3.05,305.25,-0.02,299.22,604.46
17199,1215,1284,5.07,-2.07,-207.45,-0.68,293.00,84.87
17214,1215,1342,4.46,-1.46,-146.41,0.08,288.61,142.28
17228,1215,1564,2.27,0.73,73.32,0.31,290.81,364.44
17244,1200,1868,-0.66,3.66,366.28,0.37,301.80,668.45
17259,1209,1237,5.56,-2.56,-256.27,-0.83,294.11,37.00
17273,1215,1242,5.44,-2.44,-244.07,0.02,286.79,42.74
17289,1214,1550,2.39,0.61,61.11,0.38,288.62,350.11
17303,1215,1765,0.31,2.69,268.63,0.30,296.68,565.60
17318,1215,1000,8.98,-5.98,-598.07,-1.16,278.74,-320.49
17333,1209,1844,-0.54,3.54,354.08,1.27,289.36,644.70
17348,1215,1677,1.17,1.83,183.18,-0.23,294.85,477.80
17363,1215,1658,1.41,1.59,158.76,-0.03,299.62,458.35
17378,1214,1600,2.02,0.98,97.73,-0.08,302.55,400.20
17393,1214,1552,2.51,0.49,48.90,-0.07,304.02,352.85
17408,1208,1428,3.73,-0.73,-73.17,-0.16,301.82,228.49
17423,1215,1350,4.46,-1.46,-146.41,-0.10,297.43,150.92
17438,1215,2000,-2.01,5.01,500.56,0.86,312.44,813.87
17453,1215,1474,3.37,-0.37,-36.55,-0.72,311.35,274.08
17468,1215,1234,5.68,-2.68,-268.48,-0.31,303.29,34.50
17482,1208,1491,3.12,-0.12,-12.13,0.37,302.93,291.16
17498,1215,1087,7.03,-4.03,-402.76,-0.49,290.85,-112.40
17513,1214,1843,-0.42,3.42,341.87,0.99,301.10,643.97
17527,1215,1689,1.17,1.83,183.18,-0.23,306.60,489.55
17543,1215,1682,1.29,1.71,170.97,-0.02,311.73,482.68
17557,1214,1574,2.39,0.61,61.11,-0.16,313.56,374.51
17572,1215,1563,2.51,0.49,48.90,-0.02,315.03,363.91
17588,1209,1401,4.10,-1.10,-109.79,-0.20,311.73,201.75
17602,1214,1373,4.34,-1.34,-134.20,-0.03,307.71,173.47
17617,1214,1394,4.10,-1.10,-109.79,0.03,304.41,194.66
17632,1214,1240,5.56,-2.56,-256.27,-0.20,296.73,40.26
17647,1214,1610,1.90,1.10,109.94,0.49,300.02,410.45
17662,1208,1852,-0.42,3.42,341.87,0.31,310.28,652.46
17677,1215,1258,5.44,-2.44,-244.07,-0.78,302.96,58.11
17692,1215,1390,4.10,-1.10,-109.79,0.18,299.66,190.05
17707,1215,1713,0.92,2.08,207.59,0.42,305.89,513.91
17722,1215,1707,1.05,1.95,195.39,-0.02,311.75,507.12
17737,1209,1272,5.32,-2.32,-231.86,-0.57,304.80,72.37
17752,1214,1341,4.59,-1.59,-158.62,0.10,300.04,141.52
17767,1215,1298,4.95,-1.95,-195.24,-0.05,294.18,98.89
17781,1214,1532,2.63,0.37,36.69,0.33,295.28,332.31
17797,1215,1230,5.56,-2.56,-256.27,-0.37,287.59,30.95
17811,1208,1236,5.44,-2.44,-244.07,0.02,280.27,36.22
17826,1215,1405,3.73,-0.73,-73.17,0.23,278.08,205.14
17842,1215,1654,1.29,1.71,170.97,0.31,283.21,454.48
17856,1215,1092,6.78,-3.78,-378.34,-0.78,271.86,-107.27
17871,1215,1824,-0.42,3.42,341.87,0.96,282.11,624.94
17886,1195,1657,1.29,1.71,170.97,-0.23,287.24,457.99
17901,1215,1663,1.29,1.71,170.97,0.00,292.37,463.34
17916,1214,1605,1.90,1.10,109.94,-0.08,295.67,405.52
17931,1215,1545,2.51,0.49,48.90,-0.08,297.14,345.96
17946,1201,1358,4.34,-1.34,-134.20,-0.24,293.11,158.66
17960,1209,1443,3.49,-0.49,-48.75,0.12,291.65,243.01
17976,1215,1277,5.07,-2.07,-207.45,-0.20,285.42,77.78
17991,1214,1964,-1.64,4.64,463.94,0.90,299.34,764.18
18006,1201,1977,-1.64,4.64,463.94,0.00,313.26,777.20
18021,1215,1374,4.34,-1.34,-134.20,-0.80,309.23,174.23
18035,1214,1496,3.12,-0.12,-12.13,0.17,308.87,296.91
18051,1214,1156,6.42,-3.42,-341.72,-0.41,298.62,-43.52
18066,1195,1197,5.93,-2.93,-292.90,0.07,289.83,-3.00
18080,1215,1314,4.71,-1.71,-170.83,0.17,284.71,114.06
18096,1214,1497,2.88,0.12,12.28,0.23,285.08,297.58
18110,1215,1082,6.91,-3.91,-390.55,-0.58,273.36,-117.77
18125,1201,1738,0.44,2.56,256.42,0.86,281.05,538.34
18141,1209,1845,-0.54,3.54,354.08,0.12,291.67,645.87
18155,1215,1680,1.17,1.83,183.18,-0.24,297.17,480.10
18170,1215,1559,2.39,0.61,61.11,-0.16,299.00,359.95
18185,1215,1599,2.02,0.98,97.73,0.05,301.93,399.71
18200,1215,1539,2.63,0.37,36.69,-0.08,303.04,339.65
18214,1209,1427,3.73,-0.73,-73.17,-0.16,300.84,227.51
18230,1215,1337,4.59,-1.59,-158.62,-0.11,296.08,137.36
18245,1215,1345,4.46,-1.46,-146.41,0.02,291.69,145.29
18259,1215,1882,-0.78,3.78,378.49,0.75,303.04,682.29
18275,1215,1389,4.10,-1.10,-109.79,-0.61,299.75,189.35
18289,1209,1374,4.22,-1.22,-122.00,-0.02,296.09,174.08
18305,1200,1609,1.90,1.10,109.94,0.29,299.39,409.61
18320,1215,1738,0.68,2.32,232.01,0.16,306.35,538.52
18334,1215,1241,5.56,-2.56,-256.27,-0.70,298.66,41.69
18350,1214,1272,5.20,-2.20,-219.65,0.05,292.07,72.46
18364,1195,1530,2.63,0.37,36.69,0.37,293.17,330.23
18379,1215,1770,0.31,2.69,268.63,0.31,301.23,570.17
18395,1215,1148,6.42,-3.42,-341.72,-0.76,290.98,-51.51
18409,1215,1327,4.59,-1.59,-158.62,0.26,286.22,127.86
18424,1201,1574,2.14,0.86,85.52,0.33,288.79,374.63
18439,1209,1665,1.29,1.71,170.97,0.11,293.92,465.00
18454,1214,1153,6.30,-3.30,-329.52,-0.67,284.03,-46.15
18469,1215,1270,5.07,-2.07,-207.45,0.16,277.81,70.52
18484,1201,1289,4.83,-1.83,-183.03,0.03,272.32,89.32
18499,1215,1648,1.29,1.71,170.97,0.47,277.44,448.89
18513,1215,1175,5.93,-2.93,-292.90,-0.66,268.66,-24.90
18529,1215,1217,5.44,-2.44,-244.07,0.06,261.34,17.33
18544,1194,1298,4.59,-1.59,-158.62,0.11,256.58,98.07
18558,1215,1607,1.53,1.47,146.56,0.44,260.97,407.97
18574,1214,1020,7.27,-4.27,-427.17,-0.72,248.16,-179.73
18588,1215,1801,-0.42,3.42,341.87,1.10,258.41,601.38
18604,1215,1810,-0.42,3.42,341.87,0.00,268.67,610.54
18619,1209,1657,1.17,1.83,183.18,-0.21,274.17,457.13
18633,1215,1574,2.02,0.98,97.73,-0.12,277.10,374.71
18649,1214,1514,2.63,0.37,36.69,-0.08,278.20,314.82
18663,1215,1490,2.88,0.12,12.28,-0.03,278.57,290.81
18678,1215,1403,3.73,-0.73,-73.17,-0.11,276.37,203.09
18693,1208,1325,4.46,-1.46,-146.41,-0.10,271.98,125.47
18708,1215,1774,0.07,2.93,293.04,0.59,280.77,574.40
18723,1214,1832,-0.42,3.42,341.87,0.07,291.03,632.96
18738,1214,1289,4.95,-1.95,-195.24,-0.72,285.17,89.21
18753,1214,1523,2.63,0.37,36.69,0.31,286.27,323.27
18767,1209,1146,6.30,-3.30,-329.52,-0.52,276.39,-53.65
18783,1214,1162,6.05,-3.05,-305.10,0.03,267.23,-37.84
18798,1215,1304,4.59,-1.59,-158.62,0.20,262.47,104.05
18812,1215,1450,3.12,-0.12,-12.13,0.21,262.11,250.19
18828,1215,1000,7.76,-4.76,-476.00,-0.58,247.83,-228.75
18842,1209,1171,5.68,-2.68,-268.48,0.30,239.78,-28.41
18857,1215,1440,3.00,0.00,0.07,0.36,239.78,240.21
18872,1215,1238,4.95,-1.95,-195.24,-0.26,233.92,38.42
18887,1215,1383,3.49,-0.49,-48.75,0.20,232.46,183.90
18903,1215,1545,1.90,1.10,109.94,0.20,235.76,345.89
18917,1208,1007,7.15,-4.15,-414.97,-0.75,223.31,-192.41
18932,1215,1776,-0.42,3.42,341.87,1.01,233.56,576.44
18948,1215,1609,1.29,1.71,170.97,-0.21,238.69,409.45
18962,1215,1627,1.17,1.83,183.18,0.02,244.19,427.38
18977,1214,1569,1.78,1.22,122.14,-0.08,247.85,369.91
18992,1215,1460,2.88,0.12,12.28,-0.15,248.22,260.35
19007,1215,1423,3.24,-0.24,-24.34,-0.05,247.49,223.10
19022,1208,1384,3.61,-0.61,-60.96,-0.05,245.66,184.65
19037,1215,1307,4.34,-1.34,-134.20,-0.10,241.63,107.33
19052,1215,1920,-1.64,4.64,463.94,0.80,255.55,720.29
19066,1201,1379,3.73,-0.73,-73.17,-0.77,253.36,179.42
19082,1214,1214,5.32,-2.32,-231.86,-0.20,246.40,14.34
19097,1209,1459,2.88,0.12,12.28,0.33,246.77,259.38
19111,1215,1000,9.71,-6.71,-671.31,-0.98,226.63,-445.66
19127,1214,1780,-0.42,3.42,341.87,1.27,236.89,580.02
19141,1215,1789,-0.42,3.42,341.87,0.00,247.14,589.01
19156,1215,1623,1.29,1.71,170.97,-0.23,252.27,423.02
19171,1209,1527,2.27,0.73,73.32,-0.13,254.47,327.66
19186,1201,1441,3.12,-0.12,-12.13,-0.11,254.11,241.86
19202,1215,1479,2.76,0.24,24.49,0.05,254.84,279.38
19216,1215,1417,3.37,-0.37,-36.55,-0.09,253.75,217.11
19231,1214,1151,5.93,-2.93,-292.90,-0.34,244.96,-48.28
19246,1195,1835,-0.78,3.78,378.49,0.90,256.31,635.70
19261,1215,1795,-0.30,3.30,329.66,-0.07,266.20,595.80
19276,1215,1075,6.78,-3.78,-378.34,-0.94,254.85,-124.44
19291,1215,1807,-0.42,3.42,341.87,0.96,265.11,607.94
19306,1201,1829,-0.54,3.54,354.08,0.02,275.73,629.83
19320,1208,1651,1.29,1.71,170.97,-0.26,280.86,451.57
19336,1215,1594,1.90,1.10,109.94,-0.08,284.16,394.02
19351,1215,1509,2.76,0.24,24.49,-0.11,284.89,309.27
19365,1201,1472,3.12,-0.12,-12.13,-0.05,284.53,272.34
19381,1215,1371,4.10,-1.10,-109.79,-0.12,281.24,171.32
19395,1209,1368,4.10,-1.10,-109.79,0.00,277.94,168.15
19410,1214,1780,0.07,2.93,293.04,0.54,286.73,580.31
19426,1215,1713,0.80,2.20,219.80,-0.09,293.33,513.04
19440,1215,1354,4.34,-1.34,-134.20,-0.51,289.30,154.59
19456,1214,1439,3.49,-0.49,-48.75,0.11,287.84,239.19
19470,1215,1223,5.56,-2.56,-256.27,-0.30,280.15,23.58
19485,1201,1178,5.93,-2.93,-292.90,-0.05,271.36,-21.58
19501,1209,1371,3.98,-0.98,-97.58,0.24,268.44,171.10
19515,1215,1519,2.51,0.49,48.90,0.21,269.90,319.01
19530,1214,1167,5.93,-2.93,-292.90,-0.46,261.12,-32.23
19545,1200,1109,6.42,-3.42,-341.72,-0.07,250.86,-90.92
19560,1215,1224,5.20,-2.20,-219.65,0.16,244.28,24.78
19574,1209,1532,2.14,0.86,85.52,0.44,246.84,332.80
19590,1215,1144,5.93,-2.93,-292.90,-0.47,238.05,-55.31
19605,1201,1111,6.17,-3.17,-317.31,-0.03,228.53,-88.81
19619,1215,1277,4.46,-1.46,-146.41,0.24,224.14,77.98
19635,1215,1613,1.17,1.83,183.18,0.41,229.64,413.23
19649,1208,1039,6.78,-3.78,-378.34,-0.80,218.29,-160.86
19664,1201,1041,6.66,-3.66,-366.14,0.02,207.30,-158.82
19680,1215,1760,-0.42,3.42,341.87,0.89,217.56,560.31
19694,1215,1580,1.41,1.59,158.76,-0.26,222.32,380.83
19709,1215,1497,2.27,0.73,73.32,-0.11,224.52,297.72
19724,1195,1550,1.78,1.22,122.14,0.07,228.19,350.39
19739,1215,1453,2.76,0.24,24.49,-0.13,228.92,253.28
19755,1215,1391,3.37,-0.37,-36.55,-0.08,227.82,191.20
19769,1215,1302,4.22,-1.22,-122.00,-0.12,224.16,102.05
19784,1201,1172,5.44,-2.44,-244.07,-0.16,216.84,-27.39
19799,1208,1946,-2.13,5.13,512.77,1.01,232.23,746.00
19814,1214,1318,4.10,-1.10,-109.79,-0.83,228.93,118.31
19829,1214,1341,3.85,-0.85,-85.38,0.03,226.37,141.03
19844,1215,1552,1.78,1.22,122.14,0.28,230.03,352.45
19859,1214,1820,-0.78,3.78,378.49,0.34,241.39,620.22
19873,1209,1163,5.68,-2.68,-268.48,-0.92,233.33,-36.07
19889,1214,1282,4.46,-1.46,-146.41,0.15,228.94,82.68
19904,1215,1454,2.76,0.24,24.49,0.23,229.68,254.39
19918,1215,1543,1.90,1.10,109.94,0.12,232.98,343.03
19934,1215,1093,6.30,-3.30,-329.52,-0.55,223.09,-106.98
19948,1214,1788,-0.54,3.54,354.08,0.98,233.71,588.77
19963,1215,1785,-0.42,3.42,341.87,-0.02,243.97,585.82
19979,1208,1594,1.53,1.47,146.56,-0.24,248.36,394.68
19993,1215,1574,1.78,1.22,122.14,-0.03,252.03,374.14
20008,1215,1477,2.76,0.24,24.49,-0.13,252.76,277.12
20023,1214,1415,3.37,-0.37,-36.55,-0.08,251.67,215.04
20038,1215,1401,3.49,-0.49,-48.75,-0.02,250.20,201.43
20052,1208,1261,4.83,-1.83,-183.03,-0.19,244.71,61.49
20068,1215,1721,0.31,2.69,268.63,0.56,252.77,521.97
20083,1214,1893,-1.27,4.27,427.32,0.21,265.59,693.12
20098,1214,1263,4.95,-1.95,-195.24,-0.83,259.74,63.67
20113,1215,1296,4.59,-1.59,-158.62,0.05,254.98,96.41
20127,1208,1681,0.80,2.20,219.80,0.54,261.57,481.91
20143,1215,1713,0.56,2.44,244.21,0.03,268.90,513.14
20158,1215,1141,6.17,-3.17,-317.31,-0.75,259.38,-58.68
20172,1215,1384,3.73,-0.73,-73.17,0.35,257.18,184.36
20188,1215,1507,2.51,0.49,48.90,0.15,258.65,307.70
20202,1209,1584,1.78,1.22,122.14,0.10,262.31,384.56
20217,1214,1172,5.81,-2.81,-280.69,-0.54,253.89,-27.33
20233,1214,1303,4.46,-1.46,-146.41,0.17,249.50,103.26
20247,1215,1323,4.22,-1.22,-122.00,0.03,245.84,123.88
20262,1215,1571,1.78,1.22,122.14,0.33,249.51,371.97
20277,1209,1159,5.81,-2.81,-280.69,-0.54,241.08,-40.14
20292,1215,1089,6.42,-3.42,-341.72,-0.08,230.83,-110.97
20307,1214,1796,-0.54,3.54,354.08,0.93,241.46,596.46
20322,1214,1806,-0.54,3.54,354.08,0.00,252.08,606.15
20337,1215,1627,1.29,1.71,170.97,-0.24,257.21,427.93
20352,1209,1557,2.02,0.98,97.73,-0.10,260.14,357.77
20367,1215,1434,3.24,-0.24,-24.34,-0.16,259.41,234.90
20382,1215,1509,2.51,0.49,48.90,0.10,260.88,309.87
20397,1215,1372,3.85,-0.85,-85.38,-0.18,258.31,172.76
20412,1215,1357,3.98,-0.98,-97.58,-0.02,255.39,157.79
20426,1214,1971,-2.01,5.01,500.56,0.85,270.40,771.82
20442,1215,1897,-1.15,4.15,415.11,-0.11,282.86,697.86
20457,1209,1482,3.00,0.00,0.07,-0.55,282.86,282.38
20471,1214,1080,6.91,-3.91,-390.55,-0.56,271.14,-119.97
20487,1215,1824,-0.42,3.42,341.87,0.92,281.40,624.18
20501,1215,1846,-0.54,3.54,354.08,0.02,292.02,646.12
20516,1214,1693,1.05,1.95,195.39,-0.21,297.88,493.06
20532,1208,1598,2.02,0.98,97.73,-0.12,300.81,398.42
20546,1201,1475,3.24,-0.24,-24.34,-0.17,300.08,275.57
20561,1215,1512,2.88,0.12,12.28,0.05,300.45,312.78
20576,1215,1399,3.98,-0.98,-97.58,-0.15,297.53,199.80
20591,1214,1296,4.95,-1.95,-195.24,-0.13,291.67,96.30
20605,1195,1567,2.27,0.73,73.32,0.38,293.87,367.57
20621,1215,1720,0.80,2.20,219.80,0.18,300.46,520.44
20636,1215,1349,4.46,-1.46,-146.41,-0.49,296.07,149.17
20651,1214,1219,5.68,-2.68,-268.48,-0.16,288.01,19.37
20666,1201,1639,1.53,1.47,146.56,0.55,292.41,439.52
20680,1209,1706,0.92,2.08,207.59,0.09,298.64,506.32
20696,1215,1284,5.07,-2.07,-207.45,-0.52,292.42,84.45
20711,1215,1266,5.20,-2.20,-219.65,-0.02,285.83,66.16
20725,1201,1410,3.73,-0.73,-73.17,0.21,283.63,210.67
20741,1215,1609,1.78,1.22,122.14,0.24,287.30,409.68
20755,1209,1260,5.20,-2.20,-219.65,-0.49,280.71,60.56
20770,1215,1267,5.07,-2.07,-207.45,0.02,274.48,67.05
20786,1215,1311,4.59,-1.59,-158.62,0.06,269.72,111.17
20800,1214,1696,0.80,2.20,219.80,0.54,276.32,496.66
20815,1215,1048,7.15,-4.15,-414.97,-0.85,263.87,-151.94
20830,1208,1817,-0.42,3.42,341.87,1.01,274.13,617.00
20845,1201,1838,-0.54,3.54,354.08,0.02,284.75,638.84
20860,1215,1673,1.17,1.83,183.18,-0.23,290.24,473.19
20875,1214,1603,1.90,1.10,109.94,-0.10,293.54,403.38
20890,1215,1493,3.00,0.00,0.07,-0.15,293.54,293.47
20904,1200,1606,1.90,1.10,109.94,0.16,296.84,406.93
20920,1214,1370,4.22,-1.22,-122.00,-0.29,293.18,170.89
20935,1208,1304,4.83,-1.83,-183.03,-0.08,287.69,104.58
20950,1215,1928,-1.27,4.27,427.32,0.81,300.51,728.64
20965,1201,2000,-2.86,5.86,586.01,0.21,318.09,904.31
20979,1215,1416,3.98,-0.98,-97.58,-0.98,315.16,216.60
20995,1215,1389,4.22,-1.22,-122.00,-0.03,311.50,189.48
21010,1209,1436,3.73,-0.73,-73.17,0.07,309.31,236.20
21024,1201,1547,2.63,0.37,36.69,0.16,310.41,347.26
21040,1215,1296,5.07,-2.07,-207.45,-0.31,304.19,96.43
21054,1215,1391,4.10,-1.10,-109.79,0.14,300.89,191.24
21069,1215,1488,3.12,-0.12,-12.13,0.13,300.53,288.52
21084,1195,1714,0.92,2.08,207.59,0.29,306.76,514.64
21099,1215,1254,5.44,-2.44,-244.07,-0.60,299.43,54.76
21114,1215,1235,5.56,-2.56,-256.27,-0.02,291.74,35.45
21129,1215,1441,3.49,-0.49,-48.75,0.28,290.28,241.80
21144,1215,1767,0.31,2.69,268.63,0.42,298.34,567.39
21158,1209,1334,4.59,-1.59,-158.62,-0.61,293.58,134.35
21174,1215,1367,4.22,-1.22,-122.00,0.05,289.92,167.97
21189,1215,1527,2.63,0.37,36.69,0.21,291.02,327.93
21203,1215,1919,-1.15,4.15,415.11,0.54,303.48,719.13
21219,1215,1188,6.05,-3.05,-305.10,-0.90,294.32,-11.68
21233,1209,1356,4.34,-1.34,-134.20,0.24,290.30,156.34
21249,1215,1465,3.24,-0.24,-24.34,0.14,289.57,265.36
21264,1215,1691,1.05,1.95,195.39,0.29,295.43,491.11
21278,1215,1306,4.83,-1.83,-183.03,-0.54,289.94,106.37
21294,1215,1225,5.56,-2.56,-256.27,-0.09,282.25,25.88
21308,1209,1394,3.85,-0.85,-85.38,0.24,279.69,194.56
21323,1214,1681,1.05,1.95,195.39,0.37,285.55,481.31
21339,1215,1044,7.27,-4.27,-427.17,-0.78,272.73,-155.22
21353,1215,1825,-0.42,3.42,341.87,1.10,282.99,625.96
21368,1215,1646,1.41,1.59,158.76,-0.24,287.75,446.27
21383,1215,1651,1.41,1.59,158.76,0.00,292.52,451.28
21398,1215,1567,2.27,0.73,73.32,-0.11,294.72,367.92
21413,1209,1545,2.51,0.49,48.90,-0.03,296.18,345.05
21428,1215,1445,3.49,-0.49,-48.75,-0.13,294.72,245.84
00,-0.10,291.06,168.97
21443,1215,1368,4.22,-1.22,-122.21457,1215,1415,3.73,-0.73,-73.17,0.07,288.87,215.77
21473,1214,1275,5.07,-2.07,-207.45,-0.17,282.64,75.03
21487,1209,1697,0.92,2.08,207.59,0.59,288.87,497.06
21502,1215,1828,-0.30,3.30,329.66,0.16,298.76,628.59
21518,1215,1297,4.95,-1.95,-195.24,-0.66,292.90,97.01
21532,1215,1241,5.44,-2.44,-244.07,-0.07,285.58,41.44
21548,1214,1599,1.90,1.10,109.94,0.44,288.88,399.26
21562,1208,1627,1.66,1.34,134.35,0.03,292.91,427.29
21577,1215,1077,7.03,-4.03,-402.76,-0.72,280.83,-122.65
21593,1215,1846,-0.54,3.54,354.08,0.95,291.45,646.47
21607,1201,1654,1.41,1.59,158.76,-0.28,296.21,454.70
21622,1215,1659,1.41,1.59,158.76,0.00,300.97,459.74
21637,1208,1576,2.27,0.73,73.32,-0.11,303.17,376.38
21652,1214,1540,2.63,0.37,36.69,-0.05,304.28,340.92
21667,1214,1416,3.85,-0.85,-85.38,-0.16,301.71,216.18
21682,1215,1438,3.61,-0.61,-60.96,0.03,299.89,238.96
21697,1214,1361,4.34,-1.34,-134.20,-0.10,295.86,161.56
21711,1208,1974,-1.64,4.64,463.94,0.85,309.78,774.57
21727,1201,1333,4.71,-1.71,-170.83,-0.79,304.65,133.03
21742,1214,1316,4.83,-1.83,-183.03,-0.02,299.16,116.11
21756,1215,1499,3.00,0.00,0.07,0.26,299.16,299.50
21772,1214,1083,7.03,-4.03,-402.76,-0.50,287.08,-116.18
21786,1209,1840,-0.42,3.42,341.87,1.06,297.34,640.27
21801,1214,1862,-0.54,3.54,354.08,0.02,307.96,662.05
21817,1215,1683,1.29,1.71,170.97,-0.23,313.09,483.83
21831,1215,1588,2.27,0.73,73.32,-0.14,315.29,388.46
21847,1201,1590,2.27,0.73,73.32,0.00,317.49,390.80
21861,1215,1542,2.76,0.24,24.49,-0.07,318.22,342.64
21876,1214,1392,4.22,-1.22,-122.00,-0.20,314.56,192.37
21892,1208,1351,4.59,-1.59,-158.62,-0.05,309.80,151.14
21906,1201,1497,3.12,-0.12,-12.13,0.21,309.44,297.51
21921,1215,1962,-1.40,4.40,439.53,0.60,322.63,762.75
21936,1214,1232,5.81,-2.81,-280.69,-0.96,314.20,32.56
21951,1215,1350,4.59,-1.59,-158.62,0.16,309.45,150.99
21966,1195,1572,2.39,0.61,61.11,0.29,311.28,372.68
21981,1215,1901,-0.78,3.78,378.49,0.42,322.63,701.55
21996,1215,1131,6.78,-3.78,-378.34,-1.01,311.28,-68.07
22010,1214,1373,4.34,-1.34,-134.20,0.35,307.26,173.40
22026,1215,1331,4.71,-1.71,-170.83,-0.05,302.13,131.26
22040,1209,1552,2.51,0.49,48.90,0.31,303.60,352.82
22055,1215,1025,7.64,-4.64,-463.79,-0.68,289.69,-174.79
22071,1214,1855,-0.54,3.54,354.08,1.02,300.31,655.41
22085,1201,1852,-0.42,3.42,341.87,-0.02,310.56,652.42
22100,1215,1648,1.66,1.34,134.35,-0.28,314.59,448.67
22115,1208,1627,1.90,1.10,109.94,-0.03,317.89,427.80
22130,1215,1505,3.12,-0.12,-12.13,-0.16,317.53,305.23
22146,1200,1542,2.76,0.24,24.49,0.05,318.26,342.80
22160,1215,1455,3.61,-0.61,-60.96,-0.12,316.43,255.35
22175,1214,1340,4.71,-1.71,-170.83,-0.15,311.31,140.34
22190,1208,1750,0.68,2.32,232.01,0.54,318.27,550.81
22205,1201,1983,-1.52,4.52,451.73,0.29,331.82,783.85
22220,1214,1279,5.44,-2.44,-244.07,-0.93,324.50,79.51
22235,1215,1348,4.71,-1.71,-170.83,0.10,319.38,148.65
22250,1215,1595,2.27,0.73,73.32,0.33,321.57,395.22
22264,1195,1773,0.56,2.44,244.21,0.24,328.90,573.36
22280,1214,1088,7.27,-4.27,-427.17,-0.84,316.09,-111.93
22295,1210,1869,-0.42,3.42,341.87,1.03,326.34,669.24
22309,1215,1702,1.29,1.71,170.97,-0.24,331.47,502.20
22325,1201,1707,1.29,1.71,170.97,0.00,336.60,507.57
22339,1214,1611,2.27,0.73,73.32,-0.14,338.80,411.98
22354,1214,1576,2.63,0.37,36.69,-0.05,339.90,376.55
22369,1209,1414,4.22,-1.22,-122.00,-0.21,336.24,214.03
22384,1215,1423,4.10,-1.10,-109.79,0.02,332.95,223.17
22400,1215,1243,5.81,-2.81,-280.69,-0.21,324.53,43.62
22414,1215,1839,-0.05,3.05,305.25,0.84,333.68,639.77
22429,1215,1344,4.83,-1.83,-183.03,-0.65,328.19,144.51
22445,1209,1327,4.95,-1.95,-195.24,-0.02,322.34,127.08
22459,1214,1472,3.49,-0.49,-48.75,0.21,320.87,272.33
22474,1214,1130,6.78,-3.78,-378.34,-0.44,309.52,-69.26
22489,1214,1000,9.71,-6.71,-671.31,-0.39,289.38,-382.32
22504,1215,1301,4.83,-1.83,-183.03,0.65,283.89,101.51
22519,1209,1358,4.22,-1.22,-122.00,0.08,280.23,158.32
22534,1215,1442,3.37,-0.37,-36.55,0.11,279.14,242.70
22549,1214,1416,3.61,-0.61,-60.96,-0.03,277.31,216.31
22563,1215,1351,4.22,-1.22,-122.00,-0.09,273.65,151.56
22579,1214,1385,3.85,-0.85,-85.38,0.05,271.09,185.76
22593,1208,1710,0.68,2.32,232.01,0.45,278.05,510.51
22608,1215,1125,6.42,-3.42,-341.72,-0.76,267.79,-74.69
22624,1214,1153,6.05,-3.05,-305.10,0.05,258.64,-46.42
22638,1215,1207,5.44,-2.44,-244.07,0.09,251.32,7.34
22653,1215,1640,1.17,1.83,183.18,0.57,256.81,440.56
22668,1208,1129,6.17,-3.17,-317.31,-0.67,247.30,-70.68
22683,1215,1120,6.17,-3.17,-317.31,0.00,237.78,-79.53
22699,1215,1790,-0.42,3.42,341.87,0.82,248.03,590.73
22713,1215,1611,1.41,1.59,158.76,-0.26,252.80,411.30
22728,1215,1591,1.66,1.34,134.35,-0.03,256.83,391.14
22743,1210,1570,1.90,1.10,109.94,-0.03,260.12,370.03
22758,1215,1485,2.76,0.24,24.49,-0.11,260.86,285.23
22773,1209,1385,3.73,-0.73,-73.17,-0.13,258.66,185.36
22788,1215,1320,4.34,-1.34,-134.20,-0.08,254.64,120.35
22803,1214,1253,4.95,-1.95,-195.24,-0.08,248.78,53.46
22817,1215,1814,-0.54,3.54,354.08,0.78,259.40,614.26
22833,1215,1295,4.59,-1.59,-158.62,-0.64,254.64,95.39
22848,1209,1404,3.49,-0.49,-48.75,0.15,253.18,204.57
22862,1215,1604,1.53,1.47,146.56,0.28,257.58,404.41
22878,1215,1130,6.17,-3.17,-317.31,-0.58,248.06,-69.83
22892,1215,1133,6.05,-3.05,-305.10,0.02,238.91,-66.18
22907,1215,1162,5.68,-2.68,-268.48,0.05,230.85,-37.58
22922,1208,1443,2.88,0.12,12.28,0.37,231.22,243.87
22937,1215,1204,5.20,-2.20,-219.65,-0.31,224.63,4.67
22952,1214,1299,4.22,-1.22,-122.00,0.13,220.97,99.10
22967,1215,1572,1.53,1.47,146.56,0.36,225.37,372.28
22982,1215,1563,1.66,1.34,134.35,-0.02,229.40,363.73
22996,1209,1101,6.17,-3.17,-317.31,-0.65,219.88,-98.08
23012,1214,1772,-0.42,3.42,341.87,0.82,230.13,572.83
23027,1201,1794,-0.54,3.54,354.08,0.02,240.76,594.85
,-0.23,246.25,429.20
23042,1215,1629,1.17,1.83,183.1823057,1215,1571,1.78,1.22,122.14,-0.08,249.92,371.98
23071,1208,1412,3.37,-0.37,-36.55,-0.23,248.82,212.05
23087,1201,1373,3.73,-0.73,-73.17,-0.05,246.62,173.41
23102,1215,1409,3.37,-0.37,-36.55,0.05,245.53,209.03
23116,1214,1269,4.71,-1.71,-170.83,-0.19,240.40,69.39
23132,1215,1868,-1.15,4.15,415.11,0.73,252.86,668.70
23146,1195,1918,-1.52,4.52,451.73,0.05,266.41,718.19
23161,1215,1327,4.34,-1.34,-134.20,-0.78,262.38,127.40
23177,1215,1525,2.39,0.61,61.11,0.24,264.22,325.57
23191,1214,1000,7.76,-4.76,-476.00,-0.77,249.94,-226.83
23206,1201,1803,-0.42,3.42,341.87,1.09,260.19,603.15
23221,1209,1812,-0.42,3.42,341.87,0.00,270.45,612.32
23236,1215,1646,1.29,1.71,170.97,-0.23,275.58,446.32
23251,1209,1563,2.14,0.86,85.52,-0.11,278.14,363.55
23266,1215,1553,2.27,0.73,73.32,-0.02,280.34,353.64
23281,1215,1518,2.63,0.37,36.69,-0.05,281.44,318.09
23296,1215,1418,3.61,-0.61,-60.96,-0.13,279.61,218.52
23311,1214,1290,4.83,-1.83,-183.03,-0.16,274.12,90.93
23326,1209,1298,4.71,-1.71,-170.83,0.02,269.00,98.19
23341,1214,1771,0.07,2.93,293.04,0.62,277.79,571.45
23356,1215,1175,5.93,-2.93,-292.90,-0.78,269.00,-24.67
23370,1215,1419,3.49,-0.49,-48.75,0.35,267.54,219.13
23386,1201,1530,2.39,0.61,61.11,0.14,269.37,330.62
23400,1208,1255,5.07,-2.07,-207.45,-0.38,263.15,55.32
23415,1214,1551,2.14,0.86,85.52,0.39,265.72,351.63
23431,1214,1113,6.42,-3.42,-341.72,-0.53,255.46,-86.79
23445,1201,1128,6.17,-3.17,-317.31,0.03,245.95,-71.33
23460,1215,1798,-0.42,3.42,341.87,0.88,256.20,598.95
23475,1209,1619,1.41,1.59,158.76,-0.24,260.96,419.48
23490,1215,1548,2.14,0.86,85.52,-0.10,263.53,348.95
23505,1201,1501,2.63,0.37,36.69,-0.07,264.63,301.26
23520,1215,1477,2.88,0.12,12.28,-0.03,265.00,277.25
23535,1215,1402,3.61,-0.61,-60.96,-0.10,263.17,202.11
23549,1209,1236,5.20,-2.20,-219.65,-0.23,256.58,36.70
23565,1201,1205,5.44,-2.44,-244.07,-0.03,249.26,5.16
23580,1215,1827,-0.66,3.66,366.28,0.81,260.25,627.35
23595,1215,1296,4.59,-1.59,-158.62,-0.70,255.49,96.17
23610,1214,1443,3.12,-0.12,-12.13,0.20,255.12,243.19
23624,1195,1442,3.12,-0.12,-12.13,0.00,254.76,242.63
23640,1214,1001,7.39,-4.39,-439.38,-0.53,241.58,-198.33
23655,1215,1794,-0.42,3.42,341.87,1.04,251.84,594.75
23669,1215,1602,1.53,1.47,146.56,-0.28,256.23,402.51
23685,1215,1632,1.29,1.71,170.97,0.03,261.36,432.36
23699,1211,1511,2.51,0.49,48.90,-0.17,262.83,311.56
23714,1215,1425,3.37,-0.37,-36.55,-0.11,261.73,225.07
23730,1209,1298,4.59,-1.59,-158.62,-0.15,256.97,98.20
23744,1214,1369,3.85,-0.85,-85.38,0.10,254.41,169.14
23759,1215,1328,4.22,-1.22,-122.00,-0.05,250.75,128.71
23774,1215,1816,-0.54,3.54,354.08,0.63,261.37,616.09
23789,1215,1347,4.10,-1.10,-109.79,-0.62,258.08,147.67
23804,1209,1420,3.37,-0.37,-36.55,0.10,256.98,220.53
23819,1215,1230,5.20,-2.20,-219.65,-0.24,250.39,30.50
23834,1215,1412,3.37,-0.37,-36.55,0.24,249.30,212.99
23848,1214,1310,4.34,-1.34,-134.20,-0.14,245.27,110.93
23864,1215,1281,4.59,-1.59,-158.62,-0.03,240.51,81.86
23878,1209,1541,2.02,0.98,97.73,0.37,243.45,341.54
23894,1215,1116,6.17,-3.17,-317.31,-0.52,233.93,-83.90
23909,1215,1786,-0.42,3.42,341.87,0.88,244.18,586.93
23923,1214,1796,-0.42,3.42,341.87,0.00,254.44,596.31
23939,1215,1617,1.41,1.59,158.76,-0.23,259.20,417.74
23953,1209,1496,2.63,0.37,36.69,-0.17,260.30,296.82
23968,1215,1472,2.88,0.12,12.28,-0.03,260.67,272.92
23984,1214,1410,3.49,-0.49,-48.75,-0.08,259.21,210.38
23998,1214,1333,4.22,-1.22,-122.24013,1215,2000,-3.59,6.59,659.25,1.04,275.33,935.62
00,-0.10,255.55,133.45
24028,1208,1449,3.24,-0.24,-24.34,-0.91,274.60,249.34
24043,1214,1512,2.63,0.37,36.69,0.08,275.70,312.47
24058,1215,1299,4.71,-1.71,-170.83,-0.28,270.57,99.47
24073,1215,1307,4.59,-1.59,-158.62,0.02,265.81,107.21
24088,1215,1566,2.02,0.98,97.73,0.34,268.74,366.82
24102,1209,1632,1.41,1.59,158.76,0.09,273.51,432.36
24118,1214,1000,8.25,-5.25,-524.83,-0.85,257.76,-267.92
24133,1215,1811,-0.42,3.42,341.87,1.16,268.02,611.04
24147,1201,1643,1.29,1.71,170.97,-0.24,273.15,443.88
24163,1215,1636,1.41,1.59,158.76,-0.02,277.91,436.66
24177,1214,1578,2.02,0.98,97.73,-0.09,280.84,378.49
24193,1215,1480,3.00,0.00,0.07,-0.12,280.84,280.80
24207,1209,1417,3.61,-0.61,-60.96,-0.09,279.02,217.97
24222,1215,1416,3.61,-0.61,-60.96,0.00,277.19,216.23
24238,1215,1200,5.68,-2.68,-268.48,-0.26,269.13,0.39
24252,1215,1608,1.66,1.34,134.35,0.58,273.16,408.09
24267,1201,1775,0.07,2.93,293.04,0.21,281.95,575.21
24283,1208,1166,6.05,-3.05,-305.10,-0.75,272.80,-33.05
24297,1214,1359,4.10,-1.10,-109.79,0.28,269.51,160.00
24312,1214,1507,2.63,0.37,36.69,0.20,270.61,307.50
24327,1201,1193,5.68,-2.68,-268.48,-0.41,262.55,-6.33
24342,1214,1198,5.56,-2.56,-256.27,0.02,254.87,-1.39
24356,1209,1316,4.34,-1.34,-134.20,0.17,250.84,116.81
24372,1215,1501,2.51,0.49,48.90,0.23,252.31,301.44
24387,1201,1124,6.17,-3.17,-317.31,-0.49,242.79,-75.01
24401,1215,1191,5.44,-2.44,-244.07,0.10,235.47,-8.50
24417,1214,1196,5.32,-2.32,-231.86,0.02,228.51,-3.34
24431,1208,1592,1.41,1.59,158.76,0.56,233.27,392.60
24446,1201,1571,1.66,1.34,134.35,-0.03,237.30,371.62
24462,1215,1147,5.81,-2.81,-280.69,-0.52,228.88,-52.32
24476,1214,1190,5.32,-2.32,-231.86,0.07,221.93,-9.86
24492,1214,1120,5.93,-2.93,-292.90,-0.08,213.14,-79.83
24506,1195,1778,-0.54,3.54,354.08,0.92,223.76,578.76
24521,1215,1788,-0.54,3.54,354.08,0.00,234.38,588.46
24537,1214,1572,1.66,1.34,134.35,-0.27,238.42,372.49
24551,1214,1551,1.90,1.10,109.94,-0.03,241.71,351.61
24566,1215,1554,1.90,1.10,109.94,0.00,245.01,354.95
24581,1208,1470,2.76,0.24,24.49,-0.11,245.75,270.12
24596,1215,1395,3.49,-0.49,-48.75,-0.10,244.28,195.43
24611,1215,1318,4.22,-1.22,-122.00,-0.10,240.62,118.53
24626,1201,1226,5.07,-2.07,-207.45,-0.11,234.40,26.84
24641,1215,1925,-1.76,4.76,476.15,0.91,248.68,725.74
24655,1214,1133,6.05,-3.05,-305.10,-1.12,239.53,-66.69
24671,1215,1326,4.10,-1.10,-109.79,0.24,236.24,126.69
24686,1195,1411,3.24,-0.24,-24.34,0.11,235.51,211.28
24700,1215,1561,1.78,1.22,122.14,0.21,239.17,361.52
24716,1215,1250,4.83,-1.83,-183.03,-0.38,233.68,50.27
24730,1215,1131,5.93,-2.93,-292.90,-0.16,224.89,-68.16
24745,1201,1475,2.51,0.49,48.90,0.46,226.36,275.72
24760,1209,1602,1.29,1.71,170.97,0.16,231.49,402.62
24775,1215,1053,6.66,-3.66,-366.14,-0.72,220.51,-146.35
24791,1215,1773,-0.42,3.42,341.87,0.89,230.76,573.52
24805,1201,1782,-0.42,3.42,341.87,0.00,241.02,582.89
24820,1214,1629,1.17,1.83,183.18,-0.21,246.51,429.48
24836,1209,1547,2.02,0.98,97.73,-0.11,249.45,347.07
24850,1215,1487,2.63,0.37,36.69,-0.09,250.55,287.15
24865,1201,1437,3.12,-0.12,-12.13,-0.07,250.18,237.98
24880,1214,1374,3.73,-0.73,-73.17,-0.08,247.99,174.74
24895,1214,1309,4.34,-1.34,-134.20,-0.08,243.96,109.68
24909,1209,2000,-2.49,5.49,549.39,0.98,260.44,810.81
24925,1215,2000,-2.25,5.25,524.98,-0.03,276.19,801.14
24940,1215,1286,4.83,-1.83,-183.03,-0.94,270.70,86.72
24954,1215,1458,3.12,-0.12,-12.13,0.24,270.34,258.45
24970,1215,1168,5.93,-2.93,-292.90,-0.35,261.55,-31.70
24984,1209,1147,6.05,-3.05,-305.10,-0.02,252.40,-52.72
24999,1215,1264,4.83,-1.83,-183.03,0.16,246.91,64.04
25015,1214,1560,1.90,1.10,109.94,0.37,250.20,360.51
25029,1215,1122,6.17,-3.17,-317.31,-0.61,240.68,-77.24
25044,1215,1176,5.56,-2.56,-256.27,0.08,233.00,-23.20
25059,1208,1206,5.20,-2.20,-219.65,0.05,226.41,6.80
25074,1215,1426,3.00,0.00,0.07,0.29,226.41,226.78
25089,1215,1313,4.10,-1.10,-109.79,-0.15,223.12,113.18
25104,1215,1247,4.71,-1.71,-170.83,-0.08,217.99,47.08
25119,1215,1405,3.12,-0.12,-12.13,0.21,217.63,205.70
25134,1215,1619,1.05,1.95,195.39,0.28,223.49,419.15
25149,1215,1196,5.20,-2.20,-219.65,-0.55,216.90,-3.31
25163,1209,1140,5.68,-2.68,-268.48,-0.07,208.84,-59.71
25179,1215,1170,5.32,-2.32,-231.86,0.05,201.89,-29.93
25194,1214,1641,0.68,2.32,232.01,0.62,208.85,441.47
25208,1215,1119,5.81,-2.81,-280.69,-0.73,200.43,-80.99
25224,1215,1136,5.56,-2.56,-256.27,0.03,192.74,-63.50
25239,1209,1267,4.22,-1.22,-122.00,0.18,189.08,67.26
25253,1215,1427,2.63,0.37,36.69,0.23,190.18,227.10
25269,1215,1276,4.10,-1.10,-109.79,-0.18,186.89,76.91
25283,1215,1298,3.85,-0.85,-85.38,0.03,184.33,98.98
25298,1215,1611,0.80,2.20,219.80,0.41,190.92,411.13
25313,1208,1050,6.30,-3.30,-329.52,-0.73,181.03,-149.21
25328,1214,1746,-0.54,3.54,354.08,0.91,191.66,546.65
25344,1214,1743,-0.42,3.42,341.87,-0.02,201.91,543.77
25358,1215,1577,1.29,1.71,170.97,-0.24,207.04,377.77
25373,1214,1507,2.02,0.98,97.73,-0.10,209.97,307.61
25388,1208,1460,2.51,0.49,48.90,-0.07,211.44,260.28
25403,1215,1361,3.49,-0.49,-48.75,-0.13,209.98,161.09
25418,1214,1309,3.98,-0.98,-97.58,-0.07,207.05,109.40
25433,1215,2000,-4.20,7.20,720.29,1.09,228.66,950.04
25448,1201,1478,2.51,0.49,48.90,-0.90,230.13,278.13
25462,1208,1417,3.12,-0.12,-12.13,-0.09,229.76,217.54
25478,1215,1278,4.46,-1.46,-146.41,-0.17,225.37,78.79
25493,1215,1287,4.34,-1.34,-134.20,0.02,221.34,87.16
25507,1215,1509,2.14,0.86,85.52,0.31,223.91,309.75
25523,1215,1700,0.31,2.69,268.63,0.23,231.97,500.83
25537,1209,1091,6.30,-3.30,-329.52,-0.85,222.08,-108.29
25552,1215,1787,-0.54,3.54,354.08,0.91,232.71,587.69
25568,1201,1595,1.41,1.59,158.76,-0.24,237.47,395.99
25582,1214,1613,1.29,1.71,170.97,0.02,242.60,413.59
25597,1215,1543,2.02,0.98,97.73,-0.10,245.53,343.16
25612,1215,1445,3.00,0.00,0.07,-0.13,245.53,245.47
25627,1201,1458,2.88,0.12,12.28,0.02,245.90,258.20
25641,1209,1395,3.49,-0.49,-48.75,-0.09,244.44,195.59
25657,1215,1205,5.32,-2.32,-231.86,-0.23,237.48,5.39
25672,1214,1576,1.66,1.34,134.35,0.49,241.51,376.35
25687,1201,1428,3.12,-0.12,-12.13,-0.20,241.15,228.82
25702,1214,1239,4.95,-1.95,-195.24,-0.24,235.29,39.81
25717,1209,1259,4.71,-1.71,-170.83,0.03,230.17,59.37
25732,1214,1543,1.90,1.10,109.94,0.37,233.46,343.77
25747,1201,1798,-0.54,3.54,354.08,0.33,244.09,598.49
25761,1215,1217,5.20,-2.20,-219.65,-0.82,237.50,17.02
25777,1215,1249,4.83,-1.83,-183.03,0.05,232.01,49.02
25791,1208,1470,2.63,0.37,36.69,0.31,233.11,270.11
25806,1201,1533,2.02,0.98,97.73,0.08,236.04,333.85
25822,1215,1159,5.68,-2.68,-268.48,-0.46,227.98,-40.96
25836,1214,1239,4.83,-1.83,-183.25851,1215,1485,2.39,0.61,61.11,03,0.12,222.49,39.58
0.33,224.33,285.76
25866,1209,1525,2.02,0.98,97.73,0.05,227.26,325.04
25881,1214,1213,5.07,-2.07,-207.45,-0.41,221.03,13.18
25896,1214,1056,6.54,-3.54,-353.93,-0.20,210.42,-143.71
25911,1215,1763,-0.42,3.42,341.87,0.93,220.67,563.47
25926,1201,1772,-0.42,3.42,341.87,0.00,230.93,572.80
25940,1208,1619,1.17,1.83,183.18,-0.23,236.42,419.38
25956,1214,1536,2.02,0.98,97.73,-0.11,239.36,336.98
25971,1215,1426,3.12,-0.12,-12.13,-0.15,238.99,226.71
25986,1201,1476,2.63,0.37,36.69,0.07,240.09,276.85
26001,1215,1364,3.73,-0.73,-73.17,-0.15,237.90,164.58
26015,1208,1286,4.46,-1.46,-146.41,-0.10,233.51,86.99
26031,1214,2000,-4.08,7.08,708.08,1.07,254.75,963.90
26046,1200,1982,-2.13,5.13,512.77,-0.26,270.13,782.64
26060,1214,1456,3.12,-0.12,-12.13,-0.75,269.77,256.88
26076,1215,1218,5.44,-2.44,-244.07,-0.29,262.45,18.09
26090,1215,1236,5.20,-2.20,-219.65,0.03,255.86,36.24
26105,1200,1393,3.61,-0.61,-60.96,0.21,254.03,193.28
26121,1208,1680,0.80,2.20,219.80,0.35,260.62,480.77
26135,1215,1183,5.68,-2.68,-268.48,-0.70,252.57,-16.61
26150,1215,1163,5.81,-2.81,-280.69,-0.02,244.15,-36.56
26165,1201,1356,3.85,-0.85,-85.38,0.26,241.58,156.47
26180,1215,1580,1.66,1.34,134.35,0.29,245.61,380.26
26195,1208,1155,5.81,-2.81,-280.69,-0.55,237.19,-44.05
26210,1215,1034,6.91,-3.91,-390.55,-0.15,225.48,-165.22
26225,1215,1426,3.00,0.00,0.07,0.52,225.48,226.07
26240,1215,1778,-0.42,3.42,341.87,0.46,235.74,578.06
26255,1214,1611,1.29,1.71,170.97,-0.23,240.86,411.61
26269,1209,1528,2.14,0.86,85.52,-0.12,243.43,328.83
26285,1214,1569,1.78,1.22,122.14,0.05,247.09,369.28
26300,1214,1472,2.76,0.24,24.49,-0.13,247.83,272.19
26314,1215,1347,3.98,-0.98,-97.58,-0.17,244.90,147.14
26330,1215,1936,-1.76,4.76,476.15,0.72,259.19,736.05
26344,1208,1987,-2.13,5.13,512.77,0.05,274.57,787.39
26359,1215,1499,2.76,0.24,24.49,-0.65,275.30,299.14
26375,1214,1273,4.95,-1.95,-195.24,-0.27,269.45,73.93
26389,1215,1217,5.44,-2.44,-244.07,-0.07,262.13,17.99
26404,1215,1437,3.24,-0.24,-24.34,0.29,261.39,237.35
26419,1209,1247,5.07,-2.07,-207.45,-0.24,255.17,47.48
26434,1215,1254,4.95,-1.95,-195.24,0.02,249.31,54.09
26449,1214,1500,2.51,0.49,48.90,0.33,250.78,300.01
26464,1215,1752,0.07,2.93,293.04,0.33,259.57,552.94
26479,1215,1081,6.66,-3.66,-366.14,-0.88,248.59,-118.43
26493,1208,1801,-0.42,3.42,341.87,1.01,258.84,601.73
26509,1215,1622,1.41,1.59,158.76,-0.23,263.61,422.14
26524,1215,1639,1.29,1.71,170.97,0.02,268.74,439.72
26539,1215,1569,2.02,0.98,97.73,-0.10,271.67,369.30
26554,1215,1446,3.24,-0.24,-24.34,-0.16,270.94,246.43
26568,1215,1420,3.49,-0.49,-48.75,-0.03,269.48,220.69
26584,1215,1394,3.73,-0.73,-73.17,-0.03,267.28,194.08
26599,1209,1303,4.59,-1.59,-158.62,-0.11,262.52,103.79
26613,1214,1853,-0.78,3.78,378.49,0.77,273.88,653.14
26629,1214,1272,4.95,-1.95,-195.24,-0.72,268.02,72.06
26643,1215,1241,5.20,-2.20,-219.65,-0.03,261.43,41.74
26658,1215,1537,2.27,0.73,73.32,0.39,263.63,337.34
26673,1208,1148,6.05,-3.05,-305.10,-0.50,254.48,-51.13
26688,1214,1140,6.05,-3.05,-305.10,0.00,245.32,-59.78
26703,1215,1156,5.81,-2.81,-280.69,0.03,236.90,-43.75
26718,1215,1538,2.02,0.98,97.73,0.50,239.83,338.07
26733,1215,1062,6.66,-3.66,-366.14,-0.62,228.85,-137.91
26748,1209,1781,-0.42,3.42,341.87,0.94,239.11,581.92
26763,1215,1791,-0.42,3.42,341.87,0.00,249.36,591.23
26778,1214,1612,1.41,1.59,158.76,-0.24,254.13,412.65
26792,1215,1516,2.39,0.61,61.11,-0.14,255.96,316.93
26808,1201,1506,2.51,0.49,48.90,-0.02,257.43,306.31
26822,1209,1482,2.76,0.24,24.49,-0.03,258.16,282.61
26838,1215,1407,3.49,-0.49,-48.75,-0.09,256.70,207.85
26853,1215,1230,5.20,-2.20,-219.65,-0.23,250.11,30.23
26867,1201,1752,0.07,2.93,293.04,0.73,258.90,552.67
26883,1214,1999,-2.25,5.25,524.98,0.29,274.65,799.91
26897,1208,1259,5.07,-2.07,-207.45,-1.05,268.43,59.93
26912,1215,1330,4.34,-1.34,-134.20,0.10,264.40,130.29
26928,1201,1565,2.02,0.98,97.73,0.29,267.33,365.35
26942,1215,1643,1.29,1.71,170.97,0.10,272.46,443.54
26957,1215,1258,5.07,-2.07,-207.45,-0.50,266.24,58.29
26972,1208,1252,5.07,-2.07,-207.45,0.00,260.01,52.57
26987,1201,1485,2.76,0.24,24.49,0.31,260.75,285.54
27002,1215,1737,0.31,2.69,268.63,0.33,268.81,537.76
27017,1214,1191,5.68,-2.68,-268.48,-0.72,260.75,-8.45
27032,1215,1196,5.56,-2.56,-256.27,0.02,253.06,-3.19
27046,1201,1289,4.59,-1.59,-158.62,0.14,248.31,89.83
27062,1215,1599,1.53,1.47,146.56,0.38,252.70,399.64
27077,1209,1137,6.05,-3.05,-305.10,-0.60,243.55,-62.16
27091,1214,1129,6.05,-3.05,-305.10,0.00,234.40,-70.71
27107,1201,1321,4.10,-1.10,-109.79,0.24,231.10,121.56
27121,1214,1443,2.88,0.12,12.28,0.17,231.47,243.93
